8679.08 379216 1.00 1.738622e-08 2.698434e-09 4.012140e-09 326
8689.16 378768 1.00 1.737956e-08 2.700245e-09 4.015805e-09 335
8699.09 378328 1.00 1.737275e-08 2.711907e-09 4.059312e-09 321
8709.04 377888 1.00 1.735906e-08 2.724041e-09 4.107505e-09 320
8719.02 377448 1.00 1.734407e-08 2.737599e-09 4.158929e-09 323
8729.01 377008 1.00 1.731972e-08 2.749184e-09 4.212042e-09 291
8739.04 376568 1.00 1.731065e-08 2.761794e-09 4.260218e-09 315
8749.08 376128 1.00 1.730461e-08 2.777361e-09 4.311866e-09 314
8759.15 375688 1.00 1.729472e-08 2.792538e-09 4.367945e-09 332
8769.06 375256 1.00 1.723365e-08 2.797887e-09 4.413276e-09 321
8778.99 374824 1.00 1.727273e-08 2.820116e-09 4.476845e-09 297
8789.13 374384 1.00 1.726222e-08 2.832613e-09 4.532268e-09 305
8799.11 373952 1.00 1.725874e-08 2.849039e-09 4.589888e-09 300
8809.11 373520 1.00 1.725338e-08 2.863172e-09 4.646366e-09 321
8819.14 373088 1.00 1.715774e-08 2.861141e-09 4.676106e-09 295
8829.00 372664 1.00 1.721653e-08 2.886305e-09 4.751356e-09 345
8839.07 372232 1.00 1.719113e-08 2.899526e-09 4.810301e-09 305
8849.17 371800 1.00 1.721882e-08 2.919517e-09 4.875063e-09 335
8859.10 371376 1.00 1.720846e-08 2.934760e-09 4.934431e-09 289
8869.05 370952 1.00 1.719763e-08 2.946687e-09 4.988795e-09 317
8879.03 370528 1.00 1.717438e-08 2.958144e-09 5.046616e-09 314
8889.03 370104 1.00 1.713336e-08 2.965444e-09 5.089426e-09 313
8899.05 369680 1.00 1.711332e-08 2.976402e-09 5.140479e-09 269
8909.10 369256 1.00 1.712075e-08 2.993635e-09 5.207591e-09 337
8919.17 368832 1.00 1.708863e-08 3.002055e-09 5.256843e-09 322
8929.07 368416 1.00 1.707166e-08 3.010660e-09 5.299419e-09 320
8939.00 368000 1.00 1.704566e-08 3.019137e-09 5.342507e-09 338
8949.14 367576 1.00 1.703901e-08 3.029416e-09 5.382377e-09 320
8950.10 367536 1.00 1.703639e-08 3.029839e-09 5.384626e-09 344
8950.67 367512 1.00 1.703775e-08 3.029729e-09 5.385887e-09 318
8951.25 367488 1.00 1.703754e-08 3.030006e-09 5.387247e-09 311
8951.82 367464 1.00 1.703688e-08 3.030072e-09 5.387431e-09 358
8952.40 367440 1.00 1.703673e-08 3.030054e-09 5.387683e-09 349
8952.97 367416 1.00 1.703517e-08 3.029767e-09 5.389528e-09 347
8953.55 367392 1.00 1.703474e-08 3.031162e-09 5.391309e-09 345
8954.12 367368 1.00 1.703132e-08 3.030063e-09 5.390623e-09 295
8954.70 367344 1.00 1.702899e-08 3.031042e-09 5.392715e-09 310
8955.27 367320 1.00 1.702931e-08 3.031291e-09 5.393101e-09 363
8955.85 367296 1.00 1.702868e-08 3.031320e-09 5.392054e-09 331
8956.42 367272 1.00 1.702815e-08 3.031164e-09 5.390746e-09 365
8957.00 367248 1.00 1.702697e-08 3.030356e-09 5.393122e-09 332
8957.58 367224 1.00 1.702797e-08 3.030445e-09 5.391430e-09 346
8958.15 367200 1.00 1.702799e-08 3.031537e-09 5.391695e-09 286
8958.73 367176 1.00 1.702400e-08 3.030981e-09 5.391356e-09 325
8959.30 367152 1.00 1.701847e-08 3.029614e-09 5.388949e-09 342
8959.88 367128 1.00 1.701484e-08 3.029176e-09 5.389301e-09 327
8960.45 367104 1.00 1.701812e-08 3.029537e-09 5.386931e-09 337
8961.03 367080 1.00 1.701648e-08 3.029247e-09 5.383605e-09 312
8961.61 367056 1.00 1.701038e-08 3.027404e-09 5.380469e-09 343
8962.18 367032 1.00 1.700534e-08 3.026544e-09 5.377703e-09 336
8962.76 367008 1.00 1.700499e-08 3.026297e-09 5.378097e-09 343
8963.34 366984 1.00 1.700777e-08 3.026311e-09 5.374287e-09 349
8963.91 366960 1.00 1.700602e-08 3.025566e-09 5.370962e-09 333
8964.49 366936 1.00 1.700443e-08 3.024697e-09 5.368031e-09 306
8965.07 366912 1.00 1.700264e-08 3.024125e-09 5.362545e-09 326
8965.64 366888 1.00 1.699941e-08 3.022522e-09 5.358538e-09 357
8966.22 366864 1.00 1.699807e-08 3.021967e-09 5.351346e-09 354
8966.80 366840 1.00 1.699915e-08 3.021106e-09 5.347769e-09 308
8967.37 366816 1.00 1.699943e-08 3.019822e-09 5.339861e-09 352
8967.95 366792 1.00 1.699345e-08 3.017423e-09 5.334384e-09 403
8968.53 366768 1.00 1.698844e-08 3.017065e-09 5.325856e-09 367
8969.10 366744 1.00 1.698886e-08 3.015944e-09 5.318331e-09 337
8969.68 366720 1.00 1.698914e-08 3.012325e-09 5.307343e-09 354
8970.26 366696 1.00 1.698560e-08 3.010252e-09 5.295054e-09 378
8970.84 366672 1.00 1.698248e-08 3.008821e-09 5.282663e-09 343
8971.41 366648 1.00 1.698095e-08 3.006134e-09 5.266539e-09 347
8971.99 366624 1.00 1.697920e-08 3.002354e-09 5.249016e-09 313
8972.57 366600 1.00 1.697486e-08 2.996972e-09 5.226225e-09 387
8973.15 366576 1.00 1.697285e-08 2.995663e-09 5.205597e-09 372
8973.73 366552 1.00 1.697213e-08 2.990169e-09 5.181410e-09 370
8974.30 366528 1.00 1.696939e-08 2.986769e-09 5.157668e-09 353
8974.88 366504 1.00 1.696290e-08 2.981545e-09 5.126235e-09 369
8975.46 366480 1.00 1.696480e-08 2.978523e-09 5.086589e-09 377
8976.04 366456 1.00 1.695695e-08 2.969382e-09 5.031756e-09 357
8976.62 366432 1.00 1.696137e-08 2.963810e-09 4.978423e-09 377
8977.19 366408 1.00 1.695618e-08 2.952535e-09 4.891751e-09 382
8977.77 366384 1.00 1.695062e-08 2.939191e-09 4.788493e-09 373
8978.35 366360 1.00 1.694966e-08 2.917151e-09 4.611436e-09 376
8978.93 366336 1.00 1.694990e-08 2.892586e-09 4.367299e-09 381
8979.51 366312 1.00 1.693907e-08 2.865648e-09 3.975598e-09 423
8980.09 366288 1.00 1.693449e-08 2.852685e-09 3.513331e-09 413
8980.67 366264 1.00 1.693686e-08 2.839723e-09 2.862013e-09 478
8981.24 366240 1.00 1.693322e-08 2.825673e-09 2.391529e-09 461
8981.82 366216 1.00 1.692256e-08 2.799549e-09 1.949451e-09 447
8982.40 366192 1.00 1.690741e-08 2.753852e-09 1.640086e-09 516
8982.98 366168 1.00 1.690243e-08 2.687857e-09 1.465597e-09 520
8983.56 366144 1.00 1.689027e-08 2.569761e-09 1.359442e-09 588
8984.14 366120 1.00 1.687759e-08 2.438468e-09 1.301807e-09 589
8984.72 366096 1.00 1.686787e-08 2.301070e-09 1.246726e-09 670
8985.30 366072 1.00 1.686308e-08 2.103735e-09 1.142170e-09 765
8985.88 366048 1.00 1.685905e-08 1.810969e-09 9.478269e-10 812
8986.46 366024 1.00 1.685681e-08 1.538031e-09 7.582596e-10 975
8987.04 366000 1.00 1.685959e-08 1.323801e-09 6.087086e-10 1053
8987.62 365976 1.00 1.685576e-08 1.204615e-09 5.181928e-10 1116
8988.20 365952 1.00 1.684792e-08 1.178153e-09 4.742954e-10 1042
8988.78 365928 1.00 1.684725e-08 1.187715e-09 4.521933e-10 1106
8989.36 365904 1.00 1.684353e-08 1.167550e-09 4.138164e-10 1077
8989.94 365880 1.00 1.683663e-08 1.070380e-09 3.371823e-10 1202
8990.52 365856 1.00 1.682369e-08 9.556389e-10 2.685049e-10 1228
8991.10 365832 1.00 1.682021e-08 8.339150e-10 2.064224e-10 1253
8991.68 365808 1.00 1.682091e-08 7.396788e-10 1.635063e-10 1331
8992.26 365784 1.00 1.681887e-08 6.350457e-10 1.207067e-10 1360
8992.84 365760 1.00 1.681528e-08 5.679209e-10 9.592555e-11 1451
8993.42 365736 1.00 1.681081e-08 5.219165e-10 7.942674e-11 1450
8994.00 365712 1.00 1.680767e-08 4.971389e-10 6.874104e-11 1436
8994.58 365688 1.00 1.680310e-08 4.981475e-10 6.522604e-11 1473
8995.16 365664 1.00 1.679833e-08 5.081734e-10 6.513776e-11 1384
8995.74 365640 1.00 1.679117e-08 5.134058e-10 6.582102e-11 1532
8996.32 365616 1.00 1.678343e-08 5.112046e-10 6.596029e-11 1449
8996.90 365592 1.00 1.677349e-08 4.992544e-10 6.576604e-11 1481
8997.48 365568 1.00 1.676842e-08 4.818047e-10 6.560670e-11 1413
8998.06 365544 1.00 1.676333e-08 4.686970e-10 6.489510e-11 1442
8998.64 365520 1.00 1.675259e-08 4.504057e-10 6.467860e-11 1526
8999.23 365496 1.00 1.673551e-08 4.429668e-10 6.546887e-11 1447
8999.81 365472 1.00 1.673120e-08 4.443588e-10 6.628061e-11 1529
9000.39 365448 1.00 1.671946e-08 4.535090e-10 6.839734e-11 1516
9000.97 365424 1.00 1.671115e-08 4.677906e-10 6.998019e-11 1436
9001.55 365400 1.00 1.670168e-08 4.792862e-10 7.077657e-11 1481
9002.13 365376 1.00 1.669412e-08 4.933509e-10 7.050452e-11 1524
9002.71 365352 1.00 1.669173e-08 5.091446e-10 6.942578e-11 1442
9003.30 365328 1.00 1.669017e-08 5.189937e-10 6.832198e-11 1413
9003.88 365304 1.00 1.669351e-08 5.302057e-10 6.677164e-11 1430
9004.46 365280 1.00 1.669710e-08 5.388627e-10 6.585946e-11 1385
9005.04 365256 1.00 1.669719e-08 5.444079e-10 6.603523e-11 1507
9005.62 365232 1.00 1.669608e-08 5.478870e-10 6.721915e-11 1508
9006.21 365208 1.00 1.669146e-08 5.481432e-10 6.896937e-11 1442
9006.79 365184 1.00 1.668848e-08 5.478809e-10 7.049326e-11 1437
9007.37 365160 1.00 1.668320e-08 5.467323e-10 7.306599e-11 1446
9007.95 365136 1.00 1.666875e-08 5.458093e-10 7.513599e-11 1438
9008.53 365112 1.00 1.663600e-08 5.442221e-10 7.723474e-11 1406
9009.12 365088 1.00 1.654268e-08 5.407693e-10 7.953804e-11 1402
9009.70 365064 1.00 1.632686e-08 5.327712e-10 8.082719e-11 1408
9010.28 365040 1.00 1.609554e-08 5.280318e-10 8.223371e-11 1358
9010.87 365016 1.00 1.609197e-08 5.359424e-10 8.536855e-11 1336
9011.45 364992 1.00 1.640024e-08 5.497989e-10 8.945366e-11 1443
9012.03 364968 1.00 1.664460e-08 5.583073e-10 9.191443e-11 1432
9012.61 364944 1.00 1.675720e-08 5.633600e-10 9.383905e-11 1419
9013.20 364920 1.00 1.676498e-08 5.670830e-10 9.541175e-11 1381
9013.78 364896 1.00 1.676599e-08 5.709809e-10 9.595605e-11 1425
9014.36 364872 1.00 1.676208e-08 5.753497e-10 9.667623e-11 1373
9014.95 364848 1.00 1.675659e-08 5.808533e-10 9.727587e-11 1405
9015.53 364824 1.00 1.675146e-08 5.855414e-10 9.809489e-11 1362
9016.11 364800 1.00 1.674598e-08 5.916189e-10 9.771303e-11 1330
9016.70 364776 1.00 1.674478e-08 5.987157e-10 9.777962e-11 1335
9017.28 364752 1.00 1.674605e-08 6.041009e-10 9.768307e-11 1383
9017.86 364728 1.00 1.674252e-08 6.113272e-10 9.720597e-11 1395
9018.45 364704 1.00 1.674160e-08 6.184568e-10 9.642901e-11 1306
9019.03 364680 1.00 1.673905e-08 6.244343e-10 9.572858e-11 1430
9019.62 364656 1.00 1.673412e-08 6.315019e-10 9.487486e-11 1410
9020.20 364632 1.00 1.673687e-08 6.365690e-10 9.412174e-11 1338
9020.78 364608 1.00 1.673410e-08 6.422275e-10 9.358764e-11 1400
9021.37 364584 1.00 1.672598e-08 6.481894e-10 9.262933e-11 1428
9021.95 364560 1.00 1.672446e-08 6.539214e-10 9.197083e-11 1359
9022.54 364536 1.00 1.671793e-08 6.605819e-10 9.056404e-11 1444
9023.12 364512 1.00 1.671615e-08 6.671312e-10 8.976805e-11 1367
9023.70 364488 1.00 1.670818e-08 6.710734e-10 8.883735e-11 1403
9024.29 364464 1.00 1.669663e-08 6.751134e-10 8.759797e-11 1414
9024.87 364440 1.00 1.666666e-08 6.785194e-10 8.644620e-11 1327
9025.46 364416 1.00 1.658996e-08 6.788089e-10 8.527509e-11 1340
9026.04 364392 1.00 1.646758e-08 6.743977e-10 8.398895e-11 1312
9026.63 364368 1.00 1.642183e-08 6.733135e-10 8.305385e-11 1308
9027.21 364344 1.00 1.648518e-08 6.781948e-10 8.339737e-11 1374
9027.80 364320 1.00 1.663306e-08 6.857345e-10 8.435364e-11 1367
9028.38 364296 1.00 1.672165e-08 6.884364e-10 8.491077e-11 1344
9028.97 364272 1.00 1.672597e-08 6.882769e-10 8.589136e-11 1283
9029.55 364248 1.00 1.672710e-08 6.868500e-10 8.707136e-11 1357
9030.14 364224 1.00 1.672136e-08 6.847284e-10 8.858151e-11 1315
9030.72 364200 1.00 1.671972e-08 6.817438e-10 9.021330e-11 1368
9031.31 364176 1.00 1.671657e-08 6.783094e-10 9.212352e-11 1365
9031.90 364152 1.00 1.671308e-08 6.738443e-10 9.370308e-11 1324
9032.48 364128 1.00 1.670996e-08 6.693444e-10 9.531496e-11 1325
9033.07 364104 1.00 1.670378e-08 6.640501e-10 9.642204e-11 1463
9033.65 364080 1.00 1.669987e-08 6.591967e-10 9.737419e-11 1382
9034.24 364056 1.00 1.669451e-08 6.536067e-10 9.826633e-11 1317
9034.82 364032 1.00 1.669351e-08 6.487179e-10 9.851006e-11 1358
9035.41 364008 1.00 1.668683e-08 6.429384e-10 9.865952e-11 1418
9036.00 363984 1.00 1.668112e-08 6.364789e-10 9.812429e-11 1406
9036.58 363960 1.00 1.667662e-08 6.306469e-10 9.773764e-11 1456
9037.17 363936 1.00 1.667356e-08 6.256671e-10 9.756174e-11 1390
9037.75 363912 1.00 1.666766e-08 6.192230e-10 9.638047e-11 1415
9038.34 363888 1.00 1.666159e-08 6.121150e-10 9.584790e-11 1371
9038.93 363864 1.00 1.665862e-08 6.066159e-10 9.406487e-11 1361
9039.51 363840 1.00 1.665415e-08 6.014328e-10 9.332438e-11 1462
9040.10 363816 1.00 1.664776e-08 5.954033e-10 9.194515e-11 1429
9040.69 363792 1.00 1.664667e-08 5.906630e-10 9.038277e-11 1396
9041.27 363768 1.00 1.664971e-08 5.876822e-10 8.950463e-11 1337
9041.86 363744 1.00 1.664446e-08 5.825332e-10 8.835513e-11 1387
9042.45 363720 1.00 1.664055e-08 5.766934e-10 8.710998e-11 1422
9043.04 363696 1.00 1.664174e-08 5.747478e-10 8.603265e-11 1470
9043.62 363672 1.00 1.664162e-08 5.696369e-10 8.504164e-11 1382
9044.21 363648 1.00 1.664133e-08 5.663259e-10 8.435937e-11 1391
9044.80 363624 1.00 1.663636e-08 5.628473e-10 8.391085e-11 1319
9045.38 363600 1.00 1.663124e-08 5.602481e-10 8.350221e-11 1437
9045.97 363576 1.00 1.663532e-08 5.580831e-10 8.349881e-11 1402
9046.56 363552 1.00 1.663352e-08 5.559133e-10 8.317112e-11 1358
9047.15 363528 1.00 1.663133e-08 5.528761e-10 8.267516e-11 1415
9047.73 363504 1.00 1.663522e-08 5.517573e-10 8.273157e-11 1387
9048.32 363480 1.00 1.663656e-08 5.490254e-10 8.226845e-11 1403
9048.91 363456 1.00 1.663073e-08 5.472666e-10 8.114627e-11 1437
9050.09 363408 2.00 1.663093e-08 5.445322e-10 8.029166e-11 2880
9051.85 363336 2.01 1.662703e-08 5.423035e-10 7.877040e-11 2772
9053.61 363264 2.01 1.662395e-08 5.407035e-10 7.734879e-11 2906
9055.38 363192 2.01 1.662688e-08 5.412702e-10 7.764339e-11 2854
9057.15 363120 2.02 1.662292e-08 5.430584e-10 7.754661e-11 2951
9058.91 363048 2.02 1.662013e-08 5.470787e-10 7.675658e-11 2920
9060.68 362976 2.03 1.661399e-08 5.500356e-10 7.546328e-11 2884
9062.65 362896 2.03 1.660830e-08 5.559817e-10 7.458242e-11 2871
9064.42 362824 2.04 1.660703e-08 5.625413e-10 7.447760e-11 2893
9066.38 362744 2.04 1.660399e-08 5.705064e-10 7.477406e-11 2932
9068.15 362672 2.05 1.659956e-08 5.768623e-10 7.437463e-11 2924
9070.12 362592 2.06 1.659738e-08 5.865826e-10 7.359795e-11 2887
9072.09 362512 2.06 1.659493e-08 5.950288e-10 7.366537e-11 2978
9074.06 362432 2.07 1.659203e-08 6.029198e-10 7.418133e-11 3005
9076.03 362352 2.07 1.658544e-08 6.113814e-10 7.633029e-11 2828
9078.20 362264 2.08 1.658183e-08 6.211942e-10 8.025446e-11 2995
9080.17 362184 2.08 1.657274e-08 6.282608e-10 8.453018e-11 2927
9082.15 362104 2.09 1.656573e-08 6.334298e-10 8.798409e-11 2864
9084.32 362016 2.09 1.655707e-08 6.386687e-10 9.270897e-11 2849
9086.30 361936 2.10 1.655887e-08 6.406309e-10 9.542633e-11 2879
9088.47 361848 2.11 1.655182e-08 6.416126e-10 9.805516e-11 2931
9090.65 361760 2.11 1.654379e-08 6.394106e-10 9.920838e-11 2928
9092.82 361672 2.12 1.653701e-08 6.360557e-10 1.004533e-10 3019
9095.00 361584 2.12 1.653253e-08 6.322706e-10 1.031205e-10 3085
9097.18 361496 2.13 1.652358e-08 6.272917e-10 1.060216e-10 2996
9099.36 361408 2.14 1.651919e-08 6.228237e-10 1.074276e-10 3061
9101.54 361320 2.14 1.646609e-08 6.160571e-10 1.063704e-10 2991
9103.92 361224 2.15 1.645594e-08 6.140680e-10 1.033928e-10 3006
9106.10 361136 2.15 1.651183e-08 6.129621e-10 1.002045e-10 3220
9108.48 361040 2.16 1.651105e-08 6.103089e-10 9.642915e-11 3146
9110.87 360944 2.17 1.650395e-08 6.086814e-10 9.322396e-11 3174
9113.05 360856 2.17 1.649738e-08 6.071749e-10 9.135988e-11 3046
9115.44 360760 2.18 1.649209e-08 6.056686e-10 9.020719e-11 3109
9117.83 360664 2.19 1.648921e-08 6.048304e-10 9.007577e-11 3133
9120.22 360568 2.19 1.648575e-08 6.042464e-10 9.009296e-11 3059
9122.61 360472 2.20 1.648702e-08 6.036696e-10 8.899065e-11 3088
9125.20 360368 2.21 1.648155e-08 6.029959e-10 8.681800e-11 3160
9127.59 360272 2.21 1.647362e-08 6.023251e-10 8.295661e-11 3188
9130.18 360168 2.22 1.647079e-08 6.018269e-10 7.807524e-11 3260
9132.58 360072 2.23 1.646558e-08 6.023483e-10 7.600634e-11 3271
9135.18 359968 2.23 1.645636e-08 6.027018e-10 7.550001e-11 3175
9137.77 359864 2.24 1.644577e-08 6.042387e-10 7.645985e-11 3218
9140.17 359768 2.25 1.636960e-08 6.029752e-10 7.798641e-11 3237
9142.77 359664 2.25 1.633985e-08 6.048250e-10 8.081721e-11 3218
9145.38 359560 2.26 1.645576e-08 6.132171e-10 8.538046e-11 3293
9148.18 359448 2.27 1.644045e-08 6.162093e-10 9.061437e-11 3135
9150.79 359344 2.28 1.614973e-08 6.073144e-10 9.507897e-11 3259
9153.39 359240 2.28 1.627631e-08 6.229419e-10 1.032743e-10 3177
9156.20 359128 2.29 1.642113e-08 6.307735e-10 1.108630e-10 3271
9158.81 359024 2.30 1.642375e-08 6.354540e-10 1.173667e-10 3381
9161.63 358912 2.31 1.642107e-08 6.391098e-10 1.205035e-10 3329
9164.24 358808 2.31 1.641764e-08 6.424286e-10 1.202042e-10 3389
9167.06 358696 2.32 1.640973e-08 6.450716e-10 1.169861e-10 3340
9169.87 358584 2.33 1.640590e-08 6.469546e-10 1.116924e-10 3334
9172.69 358472 2.34 1.640285e-08 6.485442e-10 1.072216e-10 3389
9175.52 358360 2.34 1.639506e-08 6.495203e-10 1.040063e-10 3293
9178.34 358248 2.35 1.639079e-08 6.505589e-10 1.026542e-10 3400
9181.37 358128 2.36 1.638642e-08 6.508294e-10 1.029730e-10 3455
9184.19 358016 2.37 1.634388e-08 6.494654e-10 1.034538e-10 3411
9187.02 357904 2.38 1.636882e-08 6.506048e-10 1.043602e-10 3306
9190.05 357784 2.38 1.636529e-08 6.503384e-10 1.049562e-10 3427
9193.09 357664 2.39 1.635815e-08 6.502909e-10 1.055558e-10 3516
9195.92 357552 2.40 1.634851e-08 6.501150e-10 1.062611e-10 3397
9198.96 357432 2.41 1.633562e-08 6.498274e-10 1.070676e-10 3402
9202.00 357312 2.42 1.632965e-08 6.498364e-10 1.066702e-10 3458
9205.05 357192 2.43 1.632498e-08 6.497783e-10 1.039121e-10 3308
9208.09 357072 2.43 1.631543e-08 6.498871e-10 1.008429e-10 3546
9211.14 356952 2.44 1.630716e-08 6.501944e-10 9.861578e-11 3530
9214.39 356824 2.45 1.629730e-08 6.504834e-10 9.828253e-11 3453
9217.44 356704 2.46 1.629914e-08 6.511653e-10 9.912886e-11 3509
9220.70 356576 2.47 1.629375e-08 6.524444e-10 1.007619e-10 3611
9223.76 356456 2.48 1.628406e-08 6.537398e-10 1.034301e-10 3543
9227.02 356328 2.49 1.627854e-08 6.556275e-10 1.077625e-10 3616
9230.28 356200 2.49 1.626827e-08 6.579329e-10 1.125139e-10 3643
9233.34 356080 2.50 1.626307e-08 6.602022e-10 1.171461e-10 3661
9236.61 355952 2.51 1.625258e-08 6.622511e-10 1.208587e-10 3725
9239.88 355824 2.52 1.624198e-08 6.652359e-10 1.238835e-10 3685
9243.16 355696 2.53 1.622979e-08 6.678035e-10 1.255345e-10 3662
9246.64 355560 2.54 1.622184e-08 6.708152e-10 1.258783e-10 3773
9249.91 355432 2.55 1.622024e-08 6.740055e-10 1.263408e-10 3669
9253.20 355304 2.56 1.621487e-08 6.767523e-10 1.265957e-10 3708
9256.68 355168 2.57 1.620709e-08 6.792357e-10 1.273759e-10 3833
9259.97 355040 2.58 1.619978e-08 6.822128e-10 1.275577e-10 3786
9263.46 354904 2.59 1.619220e-08 6.848426e-10 1.277334e-10 3698
9266.96 354768 2.60 1.618818e-08 6.870827e-10 1.272527e-10 3788
9270.25 354640 2.60 1.617794e-08 6.885490e-10 1.267354e-10 3918
9273.75 354504 2.61 1.617459e-08 6.905533e-10 1.262742e-10 3768
9277.26 354368 2.62 1.616942e-08 6.929465e-10 1.259192e-10 3792
9280.76 354232 2.63 1.616316e-08 6.939901e-10 1.259513e-10 3942
9284.27 354096 2.64 1.615838e-08 6.956601e-10 1.261016e-10 3914
9287.99 353952 2.65 1.615394e-08 6.969860e-10 1.262113e-10 3855
9291.51 353816 2.66 1.614804e-08 6.981741e-10 1.262254e-10 3977
9295.03 353680 2.67 1.613562e-08 6.997217e-10 1.262223e-10 3957
9298.75 353536 2.68 1.612764e-08 7.014136e-10 1.266546e-10 3917
9302.28 353400 2.69 1.611809e-08 7.017869e-10 1.273798e-10 4053
9306.01 353256 2.70 1.611037e-08 7.036263e-10 1.289039e-10 3956
9309.75 353112 2.71 1.609826e-08 7.051756e-10 1.314475e-10 4015
9313.49 352968 2.72 1.604182e-08 7.045742e-10 1.334208e-10 3957
9317.23 352824 2.73 1.609366e-08 7.089591e-10 1.367337e-10 4107
9320.98 352680 2.74 1.609300e-08 7.105092e-10 1.393658e-10 4020
9324.73 352536 2.75 1.608349e-08 7.121198e-10 1.413705e-10 4158
9328.48 352392 2.76 1.607635e-08 7.140814e-10 1.426209e-10 4052
9332.23 352248 2.77 1.607331e-08 7.164221e-10 1.436680e-10 4166
9336.20 352096 2.79 1.605963e-08 7.183402e-10 1.453793e-10 4115
9339.96 351952 2.80 1.605029e-08 7.201945e-10 1.473359e-10 4113
9343.94 351800 2.81 1.603702e-08 7.228210e-10 1.504821e-10 4064
9347.71 351656 2.82 1.600442e-08 7.237690e-10 1.525112e-10 4147
9351.69 351504 2.83 1.547006e-08 7.004595e-10 1.488821e-10 4058
9355.67 351352 2.84 1.603772e-08 7.320451e-10 1.544554e-10 4195
9359.45 351208 2.85 1.601560e-08 7.335246e-10 1.550870e-10 4110
9363.44 351056 2.86 1.600293e-08 7.352938e-10 1.558779e-10 4155
9367.43 350904 2.87 1.599379e-08 7.384466e-10 1.562617e-10 4413
9371.43 350752 2.88 1.598098e-08 7.406948e-10 1.567384e-10 4320
9375.64 350592 2.89 1.593644e-08 7.418651e-10 1.568906e-10 4170
9379.65 350440 2.90 1.592768e-08 7.435177e-10 1.573938e-10 4194
9383.66 350288 2.92 1.595059e-08 7.475406e-10 1.581304e-10 4384
9387.88 350128 2.93 1.594074e-08 7.502635e-10 1.592833e-10 4373
9391.90 349976 2.94 1.594005e-08 7.527587e-10 1.601833e-10 4412
9396.13 349816 2.95 1.593186e-08 7.550693e-10 1.609786e-10 4411
9400.15 349664 2.96 1.591708e-08 7.562729e-10 1.616645e-10 4403
9404.39 349504 2.97 1.590909e-08 7.583902e-10 1.629681e-10 4336
9408.63 349344 2.98 1.589861e-08 7.604364e-10 1.650933e-10 4482
9412.88 349184 3.00 1.588410e-08 7.619418e-10 1.674844e-10 4392
9417.13 349024 3.01 1.587627e-08 7.642743e-10 1.699326e-10 4479
9421.39 348864 3.02 1.586765e-08 7.661087e-10 1.724322e-10 4595
9425.64 348704 3.03 1.585601e-08 7.680211e-10 1.744709e-10 4418
9429.91 348544 3.04 1.584561e-08 7.705466e-10 1.776540e-10 4318
9434.17 348384 3.05 1.583316e-08 7.726510e-10 1.784021e-10 4454
9438.66 348216 3.07 1.577019e-08 7.725235e-10 1.784687e-10 4383
9442.93 348056 3.08 1.580934e-08 7.768542e-10 1.806602e-10 4461
9447.42 347888 3.09 1.579953e-08 7.793795e-10 1.824981e-10 4521
9451.70 347728 3.10 1.574515e-08 7.792952e-10 1.842197e-10 4502
9456.21 347560 3.11 1.578150e-08 7.841356e-10 1.873113e-10 4574
9460.71 347392 3.13 1.577101e-08 7.863684e-10 1.888834e-10 4686
9465.01 347232 3.14 1.576671e-08 7.893238e-10 1.905337e-10 4642
9469.52 347064 3.15 1.576181e-08 7.919799e-10 1.923657e-10 4629
9474.04 346896 3.16 1.575123e-08 7.945148e-10 1.942790e-10 4923
9478.56 346728 3.18 1.573699e-08 7.969864e-10 1.961662e-10 4554
9483.30 346552 3.19 1.572704e-08 7.997188e-10 1.976023e-10 4701
9487.83 346384 3.20 1.571730e-08 8.023112e-10 1.985108e-10 4728
9492.37 346216 3.21 1.570254e-08 8.047756e-10 1.995256e-10 4823
9496.91 346048 3.23 1.568380e-08 8.066574e-10 2.004077e-10 4840
9501.67 345872 3.24 1.566400e-08 8.086514e-10 2.013744e-10 4805
9506.22 345704 3.25 1.558848e-08 8.082431e-10 2.017281e-10 4770
9510.99 345528 3.26 1.418107e-08 7.588405e-10 1.874730e-10 4384
9515.55 345360 3.28 1.543704e-08 8.024894e-10 2.036653e-10 4910
9520.33 345184 3.29 1.566271e-08 8.208169e-10 2.084548e-10 4864
9525.12 345008 3.30 1.565730e-08 8.233620e-10 2.107440e-10 4896
9529.91 344832 3.32 1.563921e-08 8.250838e-10 2.136259e-10 5000
9534.71 344656 3.33 1.552809e-08 8.216554e-10 2.144291e-10 4954
9539.51 344480 3.34 1.562568e-08 8.300878e-10 2.185243e-10 4945
9544.31 344304 3.36 1.561090e-08 8.318721e-10 2.205225e-10 5039
9549.12 344128 3.37 1.558546e-08 8.332764e-10 2.222819e-10 4985
9553.94 343952 3.38 1.532098e-08 8.164870e-10 2.201643e-10 4947
9558.98 343768 3.40 1.560822e-08 8.407339e-10 2.270454e-10 5243
9563.80 343592 3.41 1.558744e-08 8.431001e-10 2.292815e-10 5223
9568.63 343416 3.42 1.557254e-08 8.450925e-10 2.313102e-10 5115
9573.69 343232 3.44 1.555842e-08 8.472760e-10 2.334550e-10 5110
9578.53 343056 3.45 1.554467e-08 8.491877e-10 2.356030e-10 5433
9583.59 342872 3.46 1.553075e-08 8.511796e-10 2.378719e-10 5208
9588.67 342688 3.48 1.551725e-08 8.537220e-10 2.399645e-10 5200
9593.74 342504 3.49 1.550544e-08 8.563428e-10 2.423149e-10 5370
9598.60 342328 3.51 1.549511e-08 8.587382e-10 2.446450e-10 5364
9603.69 342144 3.52 1.548138e-08 8.615174e-10 2.466326e-10 5354
9608.78 341960 3.53 1.546892e-08 8.643867e-10 2.488270e-10 5353
9613.88 341776 3.55 1.545395e-08 8.670204e-10 2.509723e-10 5287
9619.21 341584 3.56 1.544000e-08 8.699336e-10 2.528202e-10 5452
9624.32 341400 3.58 1.542868e-08 8.725269e-10 2.549059e-10 5369
9629.44 341216 3.59 1.541808e-08 8.747535e-10 2.569756e-10 5478
9634.56 341032 3.60 1.540789e-08 8.777974e-10 2.589920e-10 5547
9639.91 340840 3.62 1.539389e-08 8.801590e-10 2.612157e-10 5470
9645.04 340656 3.63 1.538279e-08 8.826138e-10 2.635357e-10 5557
9650.40 340464 3.65 1.536840e-08 8.851952e-10 2.664643e-10 5556
9655.54 340280 3.66 1.535672e-08 8.880821e-10 2.687894e-10 5699
9660.92 340088 3.68 1.534191e-08 8.902959e-10 2.713671e-10 5718
9666.30 339896 3.69 1.529158e-08 8.892628e-10 2.729187e-10 5874
9671.46 339712 3.70 1.522617e-08 8.886792e-10 2.744221e-10 5794
9676.85 339520 3.72 1.527890e-08 8.954706e-10 2.783468e-10 5813
9682.25 339328 3.73 1.526769e-08 8.983214e-10 2.811200e-10 5939
9687.65 339136 3.75 1.525723e-08 9.011848e-10 2.842663e-10 5913
9693.06 338944 3.76 1.524499e-08 9.040375e-10 2.874836e-10 5910
9698.48 338752 3.78 1.522740e-08 9.070085e-10 2.902437e-10 5914
9704.13 338552 3.79 1.520505e-08 9.087914e-10 2.929940e-10 6034
9709.56 338360 3.81 1.518793e-08 9.110805e-10 2.954982e-10 6024
9714.99 338168 3.82 1.517148e-08 9.137639e-10 2.980436e-10 6099
9720.43 337976 3.84 1.515531e-08 9.158568e-10 3.006768e-10 6122
9726.11 337776 3.85 1.509530e-08 9.156627e-10 3.026276e-10 6139
9731.56 337584 3.87 1.511440e-08 9.208173e-10 3.059505e-10 6035
9737.25 337384 3.89 1.513573e-08 9.251864e-10 3.095224e-10 6205
9742.95 337184 3.90 1.512299e-08 9.283014e-10 3.126317e-10 6280
9748.42 336992 3.92 1.510677e-08 9.306340e-10 3.155542e-10 6270
9754.13 336792 3.93 1.509598e-08 9.338440e-10 3.183799e-10 6494
9759.84 336592 3.95 1.508383e-08 9.369479e-10 3.214118e-10 6242
9765.57 336392 3.96 1.507014e-08 9.397418e-10 3.242654e-10 6259
9771.29 336192 3.98 1.505622e-08 9.427883e-10 3.269934e-10 6394
9777.03 335992 3.99 1.504020e-08 9.451798e-10 3.300914e-10 6378
