7479.01 441448 1.00 7.093427e-09 1.908585e-09 -1.329208e-13 4128768
7489.08 440840 1.00 7.093914e-09 1.911145e-09 3.586397e-14 4128768
7499.04 440240 1.00 7.100724e-09 1.924790e-09 -6.840041e-14 4128768
7509.03 439640 1.00 7.040714e-09 1.919880e-09 1.795075e-14 4128768
7519.05 439040 1.00 7.111556e-09 1.953670e-09 -1.929018e-13 4128768
7529.09 438440 1.00 7.117885e-09 1.966390e-09 -1.201004e-13 4128768
7539.03 437848 1.00 7.145041e-09 1.983828e-09 -9.396448e-14 4128768
7549.00 437256 1.00 7.142155e-09 1.995385e-09 -1.359794e-13 4128768
7558.99 436664 1.00 7.135585e-09 2.006901e-09 -6.181737e-14 4128768
7569.02 436072 1.00 7.160110e-09 2.024763e-09 2.532789e-14 4128768
7579.06 435480 1.00 7.168625e-09 2.040200e-09 -5.195050e-14 4128768
7589.00 434896 1.00 7.173049e-09 2.054707e-09 -1.382946e-13 4128768
7599.11 434304 1.00 7.181206e-09 2.067619e-09 -8.437788e-14 4128768
7609.10 433720 1.00 7.121742e-09 2.064901e-09 2.998044e-14 4128768
7619.13 433136 1.00 7.188409e-09 2.095664e-09 -1.876720e-13 4128768
7629.04 432560 1.00 7.185689e-09 2.106752e-09 -1.638068e-13 4128768
7639.11 431976 1.00 7.204427e-09 2.124961e-09 -1.228758e-13 4128768
7649.08 431400 1.00 7.211094e-09 2.136169e-09 -1.786585e-14 4128768
7659.07 430824 1.00 7.213055e-09 2.149191e-09 9.400112e-15 4128768
7669.09 430248 1.00 7.216032e-09 2.160672e-09 -3.782692e-14 4128768
7679.00 429680 1.00 7.221734e-09 2.172927e-09 -1.428279e-13 4128768
7680.12 429616 1.00 7.221675e-09 2.173232e-09 1.492175e-13 4128768
7680.68 429584 1.00 7.220011e-09 2.173459e-09 -1.105593e-13 4128768
7681.24 429552 1.00 7.220972e-09 2.174277e-09 7.443625e-14 4128768
7681.80 429520 1.00 7.220968e-09 2.174191e-09 -4.558838e-14 4128768
7682.35 429488 1.00 7.220041e-09 2.174354e-09 -1.515416e-13 4128768
7682.91 429456 1.00 7.220387e-09 2.176560e-09 -1.001135e-13 4128768
7683.47 429424 1.00 7.221523e-09 2.174921e-09 -1.421247e-13 4128768
7684.03 429392 1.00 7.221963e-09 2.175516e-09 7.893341e-15 4128768
7684.59 429360 1.00 7.218913e-09 2.177408e-09 -1.823827e-13 4128768
7685.15 429328 1.00 7.220776e-09 2.176977e-09 -4.070665e-14 4128768
7685.71 429296 1.00 7.221298e-09 2.176454e-09 -1.651459e-13 4128768
7686.27 429264 1.00 7.221085e-09 2.179087e-09 8.096676e-14 4128768
7686.83 429232 1.00 7.219605e-09 2.178549e-09 -5.964190e-14 4128768
7687.39 429200 1.00 7.219237e-09 2.179558e-09 -2.619047e-14 4128768
7687.95 429168 1.00 7.215823e-09 2.179512e-09 -1.133664e-14 4128768
7688.51 429136 1.00 7.214828e-09 2.179971e-09 -1.344768e-13 4128768
7689.07 429104 1.00 7.212802e-09 2.177067e-09 -7.404271e-14 4128768
7689.63 429072 1.00 7.210322e-09 2.177658e-09 -1.073190e-13 4128768
7690.19 429040 1.00 7.211203e-09 2.179077e-09 -1.330059e-13 4128768
7690.76 429008 1.00 7.212928e-09 2.179069e-09 -1.384446e-13 4128768
7691.32 428976 1.00 7.211745e-09 2.179066e-09 -5.838998e-14 4128768
7691.88 428944 1.00 7.212518e-09 2.179813e-09 -1.420177e-13 4128768
7692.44 428912 1.00 7.216553e-09 2.182444e-09 -1.831216e-13 4128768
7693.00 428880 1.00 7.217053e-09 2.181566e-09 -1.047093e-13 4128768
7693.56 428848 1.00 7.218383e-09 2.181739e-09 -2.284890e-13 4128768
7694.12 428816 1.00 7.218876e-09 2.183254e-09 3.804356e-14 4128768
7694.68 428784 1.00 7.221226e-09 2.184015e-09 -1.127701e-13 4128768
7695.24 428752 1.00 7.220791e-09 2.183013e-09 -1.228049e-13 4128768
7695.80 428720 1.00 7.221076e-09 2.181758e-09 -9.219231e-14 4128768
7696.37 428688 1.00 7.220328e-09 2.183672e-09 -7.535308e-14 4128768
7696.93 428656 1.00 7.221784e-09 2.182226e-09 -1.001926e-13 4128768
7697.49 428624 1.00 7.219361e-09 2.183347e-09 -1.381221e-13 4128768
7698.05 428592 1.00 7.220563e-09 2.182942e-09 -2.403437e-13 4128768
7698.61 428560 1.00 7.221196e-09 2.180938e-09 -8.186750e-14 4128768
7699.17 428528 1.00 7.220301e-09 2.181508e-09 -1.163320e-14 4128768
7699.74 428496 1.00 7.221387e-09 2.182569e-09 -3.283937e-13 4128768
7700.30 428464 1.00 7.220102e-09 2.182985e-09 -1.547875e-13 4128768
7700.86 428432 1.00 7.217893e-09 2.180452e-09 -6.470934e-15 4128768
7701.42 428400 1.00 7.219035e-09 2.182107e-09 -1.043258e-13 4128768
7701.99 428368 1.00 7.212904e-09 2.177448e-09 3.655932e-14 4128768
7702.55 428336 1.00 7.188844e-09 2.170361e-09 -1.940250e-13 4128768
7703.11 428304 1.00 7.145487e-09 2.155673e-09 -5.568567e-14 4128768
7703.67 428272 1.00 7.131741e-09 2.151291e-09 -1.206618e-13 4128768
7704.24 428240 1.00 7.167219e-09 2.161791e-09 -5.291468e-14 4128768
7704.80 428208 1.00 7.201018e-09 2.170622e-09 -9.368137e-14 4128768
7705.36 428176 1.00 7.210979e-09 2.172150e-09 -7.894372e-14 4128768
7705.92 428144 1.00 7.215232e-09 2.172285e-09 -1.405685e-13 4128768
7706.49 428112 1.00 7.218019e-09 2.171239e-09 -5.712178e-14 4128768
7707.05 428080 1.00 7.218293e-09 2.167909e-09 -1.694877e-13 4128768
7707.61 428048 1.00 7.218905e-09 2.166159e-09 -1.100760e-13 4128768
7708.18 428016 1.00 7.219659e-09 2.162712e-09 -4.141959e-14 4128768
7708.74 427984 1.00 7.221487e-09 2.157647e-09 -1.389407e-13 4128768
7709.30 427952 1.00 7.221421e-09 2.150145e-09 -2.420151e-13 4128768
7709.87 427920 1.00 7.220312e-09 2.137662e-09 -6.745152e-14 4128768
7710.43 427888 1.00 7.221479e-09 2.113199e-09 -9.869292e-14 4128768
7710.99 427856 1.00 7.222777e-09 2.063327e-09 -1.355450e-13 4128768
7711.56 427824 1.00 7.222739e-09 2.000237e-09 -1.765902e-13 4128768
7712.12 427792 1.00 7.224647e-09 1.980085e-09 -4.970936e-14 4128768
7712.69 427760 1.00 7.222732e-09 2.012237e-09 -1.160980e-13 4128768
7713.25 427728 1.00 7.221119e-09 2.047326e-09 -1.088394e-13 4128768
7713.81 427696 1.00 7.223723e-09 2.061116e-09 -1.643470e-13 4128768
7714.38 427664 1.00 7.224085e-09 2.064603e-09 -1.138254e-14 4128768
7714.94 427632 1.00 7.224201e-09 2.060087e-09 -8.502929e-14 4128768
7715.51 427600 1.00 7.222089e-09 2.042721e-09 -8.587771e-14 4128768
7716.07 427568 1.00 7.224812e-09 2.010219e-09 -1.435338e-13 4128768
7716.64 427536 1.00 7.224658e-09 1.955637e-09 -2.713727e-14 4128768
7717.20 427504 1.00 7.224032e-09 1.875622e-09 -3.960846e-14 4128768
7717.77 427472 1.00 7.224484e-09 1.768531e-09 -1.420341e-14 4128768
7718.33 427440 1.00 7.224547e-09 1.643826e-09 1.595532e-14 4128768
7718.90 427408 1.00 7.225238e-09 1.507284e-09 -2.826260e-14 4128768
7719.46 427376 1.00 7.225518e-09 1.355804e-09 -1.313301e-13 4128768
7720.03 427344 1.00 7.226252e-09 1.191840e-09 -9.754189e-14 4128768
7720.59 427312 1.00 7.226938e-09 1.017952e-09 1.052445e-14 4128768
7721.16 427280 1.00 7.225620e-09 8.314597e-10 -1.215249e-13 4128768
7721.72 427248 1.00 7.227416e-09 6.580768e-10 -1.403209e-14 4128768
7722.29 427216 1.00 7.225164e-09 5.218394e-10 -2.015857e-14 4128768
7722.85 427184 1.00 7.227150e-09 4.275716e-10 -1.835023e-13 4128768
7723.42 427152 1.00 7.228171e-09 3.715492e-10 -5.384168e-14 4128768
7723.98 427120 1.00 7.227546e-09 3.341466e-10 -7.986484e-14 4128768
7724.55 427088 1.00 7.228517e-09 3.151562e-10 -1.812233e-14 4128768
7725.11 427056 1.00 7.226269e-09 3.076268e-10 -7.283749e-14 4128768
7725.68 427024 1.00 7.226046e-09 3.098742e-10 -2.762611e-15 4128768
7726.25 426992 1.00 7.226629e-09 3.124563e-10 -1.240925e-13 4128768
7726.81 426960 1.00 7.226185e-09 3.195758e-10 -2.051098e-13 4128768
7727.38 426928 1.00 7.226250e-09 3.276794e-10 -1.473933e-13 4128768
7727.95 426896 1.00 7.226291e-09 3.366167e-10 5.807399e-14 4128768
7728.51 426864 1.00 7.225456e-09 3.455088e-10 1.547683e-15 4128768
7729.08 426832 1.00 7.224188e-09 3.543951e-10 -1.502268e-13 4128768
7729.64 426800 1.00 7.225022e-09 3.620929e-10 -7.827093e-14 4128768
7730.21 426768 1.00 7.224522e-09 3.754182e-10 -1.006045e-14 4128768
7730.78 426736 1.00 7.224330e-09 3.891221e-10 -5.410934e-14 4128768
7731.34 426704 1.00 7.222316e-09 4.015556e-10 -1.494825e-13 4128768
7731.91 426672 1.00 7.223517e-09 4.141462e-10 -4.413079e-14 4128768
7732.48 426640 1.00 7.223580e-09 4.244916e-10 -3.529059e-14 4128768
7733.05 426608 1.00 7.221423e-09 4.348491e-10 -9.804244e-14 4128768
7733.61 426576 1.00 7.221635e-09 4.414758e-10 1.538570e-13 4128768
7734.18 426544 1.00 7.220176e-09 4.462397e-10 -1.110271e-13 4128768
7734.75 426512 1.00 7.217891e-09 4.509892e-10 -8.642138e-14 4128768
7735.31 426480 1.00 7.220191e-09 4.529145e-10 -1.161338e-13 4128768
7735.88 426448 1.00 7.218702e-09 4.545528e-10 -1.694263e-13 4128768
7736.45 426416 1.00 7.216504e-09 4.557209e-10 -2.315091e-13 4128768
7737.02 426384 1.00 7.217791e-09 4.569470e-10 -1.035441e-13 4128768
7737.58 426352 1.00 7.218563e-09 4.581446e-10 -8.789931e-14 4128768
7738.15 426320 1.00 7.216165e-09 4.602649e-10 -2.017998e-13 4128768
7738.72 426288 1.00 7.216236e-09 4.620744e-10 5.582436e-14 4128768
7739.29 426256 1.00 7.217467e-09 4.646130e-10 -1.277594e-13 4128768
7739.86 426224 1.00 7.217950e-09 4.678914e-10 -8.251283e-14 4128768
7740.42 426192 1.00 7.216042e-09 4.730092e-10 -1.148306e-13 4128768
7740.99 426160 1.00 7.218061e-09 4.787479e-10 -1.434599e-13 4128768
7741.56 426128 1.00 7.215558e-09 4.855689e-10 3.183489e-14 4128768
7742.13 426096 1.00 7.215455e-09 4.936869e-10 -1.951809e-13 4128768
7742.70 426064 1.00 7.214395e-09 5.017001e-10 -2.005187e-14 4128768
7743.27 426032 1.00 7.213557e-09 5.121394e-10 -9.647953e-14 4128768
7743.84 426000 1.00 7.211790e-09 5.241531e-10 -8.735438e-14 4128768
7744.40 425968 1.00 7.210843e-09 5.369331e-10 -6.093122e-14 4128768
7744.97 425936 1.00 7.208650e-09 5.491624e-10 1.067441e-14 4128768
7745.54 425904 1.00 7.205627e-09 5.622606e-10 -1.301578e-13 4128768
7746.11 425872 1.00 7.202987e-09 5.733261e-10 -1.137139e-13 4128768
7746.68 425840 1.00 7.204517e-09 5.841141e-10 -3.343701e-14 4128768
7747.25 425808 1.00 7.201837e-09 5.939847e-10 -6.269158e-14 4128768
7747.82 425776 1.00 7.200742e-09 6.058991e-10 -1.611118e-13 4128768
7748.39 425744 1.00 7.200775e-09 6.129512e-10 -2.378774e-13 4128768
7748.96 425712 1.00 7.199787e-09 6.218362e-10 -4.902393e-14 4128768
7749.53 425680 1.00 7.200639e-09 6.270178e-10 -1.254482e-13 4128768
7750.10 425648 1.00 7.200629e-09 6.328150e-10 -2.855179e-14 4128768
7750.67 425616 1.00 7.201373e-09 6.367497e-10 -6.064699e-14 4128768
7751.24 425584 1.00 7.202407e-09 6.392155e-10 -9.777889e-14 4128768
7751.81 425552 1.00 7.205900e-09 6.404026e-10 -5.627547e-14 4128768
7752.38 425520 1.00 7.205081e-09 6.404125e-10 -3.744934e-14 4128768
7752.95 425488 1.00 7.202807e-09 6.408416e-10 -7.656202e-14 4128768
7753.52 425456 1.00 7.203885e-09 6.400787e-10 2.656577e-14 4128768
7754.09 425424 1.00 7.204783e-09 6.377653e-10 -1.475477e-13 4128768
7754.66 425392 1.00 7.204011e-09 6.356155e-10 -3.201289e-15 4128768
7755.23 425360 1.00 7.202857e-09 6.328902e-10 -1.068976e-13 4128768
7755.80 425328 1.00 7.198909e-09 6.299117e-10 -3.222289e-13 4128768
7756.37 425296 1.00 7.196297e-09 6.257037e-10 -7.032453e-14 4128768
7756.94 425264 1.00 7.196675e-09 6.223740e-10 -1.187402e-13 4128768
7757.51 425232 1.00 7.196837e-09 6.193246e-10 -2.401855e-13 4128768
7758.08 425200 1.00 7.193095e-09 6.159146e-10 -1.031420e-13 4128768
7758.65 425168 1.00 7.191317e-09 6.110409e-10 -1.693585e-13 4128768
7759.22 425136 1.00 7.183218e-09 6.069845e-10 -3.732042e-14 4128768
7759.79 425104 1.00 7.149956e-09 6.000504e-10 -2.841670e-13 4128768
7760.36 425072 1.00 7.094642e-09 5.914721e-10 -9.791469e-14 4128768
7760.94 425040 1.00 7.041461e-09 5.829360e-10 -6.140832e-14 4128768
7761.51 425008 1.00 7.023887e-09 5.781252e-10 -1.493476e-13 4128768
7762.08 424976 1.00 7.046859e-09 5.756590e-10 -1.066424e-13 4128768
7762.65 424944 1.00 7.091363e-09 5.747332e-10 -7.348050e-14 4128768
7763.22 424912 1.00 7.146679e-09 5.757448e-10 -8.108222e-14 4128768
7763.79 424880 1.00 7.175824e-09 5.740493e-10 -1.454871e-13 4128768
7764.37 424848 1.00 7.187322e-09 5.709123e-10 -1.527377e-13 4128768
7764.94 424816 1.00 7.191568e-09 5.681092e-10 3.027022e-14 4128768
7765.51 424784 1.00 7.193699e-09 5.648090e-10 -6.877368e-14 4128768
7766.08 424752 1.00 7.197926e-09 5.615155e-10 -1.343761e-13 4128768
7766.65 424720 1.00 7.200823e-09 5.577580e-10 -1.597620e-15 4128768
7767.23 424688 1.00 7.201969e-09 5.521261e-10 -7.031019e-14 4128768
7767.80 424656 1.00 7.203186e-09 5.484240e-10 -8.199554e-14 4128768
7768.37 424624 1.00 7.205356e-09 5.453563e-10 -6.927671e-15 4128768
7768.94 424592 1.00 7.207371e-09 5.414618e-10 9.000802e-15 4128768
7769.52 424560 1.00 7.206785e-09 5.380205e-10 -1.044486e-13 4128768
7770.09 424528 1.00 7.206768e-09 5.346118e-10 -1.076242e-13 4128768
7770.66 424496 1.00 7.207117e-09 5.309097e-10 -1.996087e-14 4128768
7771.23 424464 1.00 7.208693e-09 5.279875e-10 -1.216238e-13 4128768
7771.81 424432 1.00 7.207988e-09 5.261583e-10 -1.505308e-13 4128768
7772.38 424400 1.00 7.210032e-09 5.215662e-10 -4.155730e-14 4128768
7772.95 424368 1.00 7.210482e-09 5.199586e-10 6.973492e-15 4128768
7773.53 424336 1.00 7.211568e-09 5.162253e-10 2.998490e-14 4128768
7774.10 424304 1.00 7.211257e-09 5.140887e-10 -1.365332e-13 4128768
7774.67 424272 1.00 7.211025e-09 5.107589e-10 -1.937936e-13 4128768
7775.25 424240 1.00 7.212014e-09 5.082752e-10 1.359395e-14 4128768
7775.82 424208 1.00 7.210903e-09 5.063125e-10 -7.462832e-14 4128768
7776.39 424176 1.00 7.212162e-09 5.046247e-10 -5.002208e-14 4128768
7776.97 424144 1.00 7.212216e-09 5.034095e-10 -1.447540e-13 4128768
7777.54 424112 1.00 7.210943e-09 5.031177e-10 -6.430464e-14 4128768
7778.11 424080 1.00 7.209039e-09 5.031856e-10 -8.312842e-14 4128768
7778.69 424048 1.00 7.187726e-09 5.007477e-10 -1.293366e-13 4128768
7779.26 424016 1.00 7.131376e-09 4.971398e-10 -3.034853e-14 4128768
7779.84 423984 1.00 7.125785e-09 4.968128e-10 7.919153e-14 4128768
7780.41 423952 1.00 7.173981e-09 5.005864e-10 -1.596703e-15 4128768
7780.99 423920 1.00 7.198782e-09 5.030628e-10 -2.325064e-14 4128768
7781.56 423888 1.00 7.204201e-09 5.035770e-10 -2.965687e-14 4128768
7782.13 423856 1.00 7.206193e-09 5.058579e-10 -5.676917e-15 4128768
7782.71 423824 1.00 7.207368e-09 5.066775e-10 -2.345485e-13 4128768
7783.28 423792 1.00 7.208181e-09 5.065755e-10 7.228791e-14 4128768
7783.86 423760 1.00 7.209125e-09 5.082454e-10 -2.430040e-13 4128768
7784.43 423728 1.00 7.209674e-09 5.097051e-10 -8.135436e-14 4128768
7785.01 423696 1.00 7.211635e-09 5.096650e-10 -3.430613e-13 4128768
7785.58 423664 1.00 7.211311e-09 5.113605e-10 -2.062735e-14 4128768
7786.16 423632 1.00 7.212946e-09 5.132550e-10 -2.617576e-13 4128768
7786.73 423600 1.00 7.214843e-09 5.137731e-10 -3.168588e-13 4128768
7787.31 423568 1.00 7.211603e-09 5.153337e-10 -5.781820e-14 4128768
7787.88 423536 1.00 7.214236e-09 5.151095e-10 4.974148e-14 4128768
7788.46 423504 1.00 7.214390e-09 5.180804e-10 -1.945696e-13 4128768
7789.04 423472 1.00 7.215681e-09 5.174577e-10 -8.741080e-14 4128768
7790.04 423416 1.00 7.214549e-09 5.200640e-10 1.667493e-14 4128768
7791.91 423312 1.01 7.216881e-09 5.232801e-10 -1.865198e-13 4128768
7793.79 423208 1.02 7.218223e-09 5.282055e-10 -8.588297e-14 4128768
7795.66 423104 1.03 7.220945e-09 5.335887e-10 -1.168393e-13 4128768
7797.53 423000 1.04 7.222658e-09 5.401393e-10 1.864698e-15 4128768
7799.41 422896 1.05 7.223470e-09 5.479547e-10 -4.562008e-14 4128768
7801.43 422784 1.06 7.224571e-09 5.566758e-10 7.855777e-14 4128768
7803.31 422680 1.06 7.225652e-09 5.643521e-10 -8.929209e-14 4128768
7805.33 422568 1.07 7.225723e-09 5.725641e-10 -4.181634e-14 4128768
7807.36 422456 1.08 7.226883e-09 5.774797e-10 -9.025437e-14 4128768
7809.38 422344 1.09 7.226133e-09 5.826928e-10 -7.648176e-14 4128768
7811.41 422232 1.10 7.225968e-09 5.830585e-10 -2.059889e-13 4128768
7813.43 422120 1.11 7.226967e-09 5.842347e-10 4.796737e-14 4128768
7815.61 422000 1.13 7.227297e-09 5.836624e-10 -8.358140e-14 4128768
7817.64 421888 1.13 7.227063e-09 5.830046e-10 -2.538617e-13 4128768
7819.81 421768 1.15 7.227262e-09 5.822571e-10 -1.770646e-13 4128768
7821.99 421648 1.16 7.227654e-09 5.808566e-10 -1.879429e-15 4128768
7824.17 421528 1.17 7.226392e-09 5.784001e-10 -4.002840e-14 4128768
7826.35 421408 1.18 7.225122e-09 5.772690e-10 -1.480082e-13 4128768
7828.53 421288 1.19 7.225024e-09 5.788585e-10 -7.664871e-15 4128768
7830.85 421160 1.20 7.226113e-09 5.790836e-10 -5.905823e-14 4128768
7833.04 421040 1.21 7.225557e-09 5.808788e-10 -1.361545e-13 4128768
7835.37 420912 1.22 7.226147e-09 5.821497e-10 -7.729017e-14 4128768
7837.55 420792 1.23 7.227155e-09 5.839340e-10 -9.384966e-14 4128768
7839.89 420664 1.24 7.227251e-09 5.855516e-10 -2.104687e-13 4128768
7842.22 420536 1.26 7.226759e-09 5.858575e-10 -4.612688e-14 4128768
7844.56 420408 1.27 7.226925e-09 5.865013e-10 -3.250846e-14 4128768
7847.04 420272 1.28 7.225442e-09 5.868941e-10 -1.752069e-13 4128768
7849.38 420144 1.29 7.226490e-09 5.871172e-10 -7.648316e-14 4128768
7851.86 420008 1.30 7.226868e-09 5.865538e-10 9.546733e-15 4128768
7854.21 419880 1.31 7.227495e-09 5.854764e-10 -1.110377e-13 4128768
7856.70 419744 1.33 7.227487e-09 5.840953e-10 -7.268119e-14 4128768
7859.19 419608 1.34 7.228783e-09 5.828203e-10 -8.764548e-14 4128768
7861.68 419472 1.35 7.227491e-09 5.819112e-10 -1.446641e-13 4128768
7864.17 419336 1.36 7.228313e-09 5.817390e-10 -1.249770e-13 4128768
7866.82 419192 1.38 7.229985e-09 5.813103e-10 -7.272440e-14 4128768
7869.32 419056 1.39 7.231451e-09 5.826704e-10 -1.929804e-13 4128768
7871.96 418912 1.40 7.231065e-09 5.843464e-10 -5.765553e-14 4128768
7874.46 418776 1.41 7.230621e-09 5.856683e-10 -1.192159e-13 4128768
7877.11 418632 1.43 7.232838e-09 5.881208e-10 -1.113546e-13 4128768
7879.77 418488 1.44 7.230608e-09 5.909588e-10 -4.210852e-14 4128768
7882.42 418344 1.45 7.230541e-09 5.942634e-10 -1.832603e-13 4128768
7885.08 418200 1.46 7.223934e-09 5.974006e-10 -2.264728e-14 4128768
7887.88 418048 1.48 7.038086e-09 5.876770e-10 -1.191204e-13 4128768
7890.54 417904 1.49 7.240184e-09 6.084974e-10 -1.095579e-13 4128768
7893.35 417752 1.50 7.237170e-09 6.130045e-10 -1.778585e-13 4128768
7896.01 417608 1.52 7.234271e-09 6.167530e-10 -9.988086e-14 4128768
7898.83 417456 1.53 7.235290e-09 6.215172e-10 -3.991088e-14 4128768
7901.64 417304 1.55 7.235257e-09 6.245101e-10 -1.028181e-13 4128768
7904.46 417152 1.56 7.238245e-09 6.273547e-10 -1.098881e-13 4128768
7907.43 416992 1.57 7.236800e-09 6.309494e-10 -1.309182e-13 4128768
7910.25 416840 1.59 7.237880e-09 6.339793e-10 -6.761365e-14 4128768
7913.07 416688 1.60 7.239194e-09 6.367118e-10 -8.643987e-14 4128768
7916.05 416528 1.62 7.239852e-09 6.394336e-10 -6.314047e-14 4128768
7919.03 416368 1.63 7.240611e-09 6.415624e-10 -1.334160e-13 4128768
7922.00 416208 1.64 7.170432e-09 6.370444e-10 -1.350051e-13 4128768
7924.99 416048 1.66 7.235958e-09 6.441995e-10 -1.228600e-13 4128768
7927.97 415888 1.67 7.235466e-09 6.452650e-10 -1.392920e-13 4128768
7930.96 415728 1.69 7.233314e-09 6.466342e-10 -1.084761e-13 4128768
7933.95 415568 1.70 7.228830e-09 6.463491e-10 -1.135127e-13 4128768
7937.09 415400 1.72 7.226772e-09 6.476313e-10 -8.049741e-14 4128768
7940.08 415240 1.73 7.226823e-09 6.474764e-10 -1.046288e-13 4128768
7943.23 415072 1.75 7.226255e-09 6.490205e-10 -7.635009e-14 4128768
7946.37 414904 1.76 7.113730e-09 6.396148e-10 -1.918766e-13 4128768
7949.52 414736 1.78 7.238842e-09 6.533221e-10 -1.500222e-13 4128768
7952.68 414568 1.79 7.235799e-09 6.553407e-10 -1.387644e-13 4128768
7955.83 414400 1.81 7.237395e-09 6.570641e-10 -3.473821e-14 4128768
7958.99 414232 1.83 7.239140e-09 6.604353e-10 -8.514002e-14 4128768
7962.30 414056 1.84 7.239880e-09 6.626846e-10 -2.419879e-13 4128768
7965.47 413888 1.86 7.238254e-09 6.648398e-10 -1.456226e-13 4128768
7968.78 413712 1.87 7.237105e-09 6.673355e-10 -7.219605e-14 4128768
7972.10 413536 1.89 7.233271e-09 6.697223e-10 -1.933079e-13 4128768
7975.28 413368 1.90 7.227774e-09 6.720599e-10 -9.441142e-14 4128768
7978.60 413192 1.92 7.206028e-09 6.729516e-10 -1.505387e-13 4128768
7982.08 413008 1.94 7.205987e-09 6.756116e-10 2.521169e-15 4128768
7985.41 412832 1.95 7.248335e-09 6.821650e-10 -3.567931e-16 4128768
7988.75 412656 1.97 7.244200e-09 6.851523e-10 -2.603578e-13 4128768
7992.24 412472 1.99 7.243884e-09 6.879992e-10 -5.158244e-14 4128768
7995.58 412296 2.00 7.240629e-09 6.902423e-10 -1.178382e-13 4128768
7999.07 412112 2.02 7.237798e-09 6.922171e-10 -1.717683e-14 4128768
8002.57 411928 2.04 7.236645e-09 6.961547e-10 -6.058558e-14 4128768
8006.07 411744 2.06 7.235377e-09 6.990762e-10 -1.605937e-13 4128768
8009.58 411560 2.07 7.238200e-09 7.020046e-10 7.603230e-15 4128768
8013.09 411376 2.09 7.238873e-09 7.061656e-10 1.172361e-14 4128768
8016.60 411192 2.11 7.238643e-09 7.094454e-10 -1.530368e-13 4128768
8020.26 411000 2.12 7.236227e-09 7.123783e-10 -6.720885e-14 4128768
8023.78 410816 2.14 7.238397e-09 7.158198e-10 -1.547280e-13 4128768
8027.46 410624 2.16 7.237294e-09 7.179928e-10 -9.084966e-14 4128768
8031.13 410432 2.18 7.236057e-09 7.217835e-10 -1.019432e-13 4128768
8034.66 410248 2.19 7.237970e-09 7.243909e-10 -2.273464e-13 4128768
8038.35 410056 2.21 7.236725e-09 7.276330e-10 -1.354054e-13 4128768
8042.03 409864 2.23 7.235625e-09 7.310621e-10 -1.191048e-13 4128768
8045.88 409664 2.25 7.236390e-09 7.339956e-10 -1.361349e-13 4128768
8049.57 409472 2.27 7.234110e-09 7.367194e-10 -1.235225e-13 4128768
8053.27 409280 2.29 7.232742e-09 7.385794e-10 -4.962635e-14 4128768
8057.13 409080 2.30 7.233480e-09 7.407064e-10 -9.074280e-14 4128768
8060.83 408888 2.32 7.234303e-09 7.437082e-10 -5.313462e-14 4128768
8064.70 408688 2.34 7.233631e-09 7.456314e-10 -1.241508e-13 4128768
8068.56 408488 2.36 7.234034e-09 7.491930e-10 -1.229055e-13 4128768
8072.44 408288 2.38 7.233007e-09 7.511020e-10 -4.487377e-14 4128768
8076.31 408088 2.40 7.231364e-09 7.535587e-10 -2.346730e-13 4128768
8080.19 407888 2.42 7.230709e-09 7.563029e-10 -8.840488e-14 4128768
8084.23 407680 2.44 7.228092e-09 7.584532e-10 -1.079538e-13 4128768
8088.11 407480 2.46 7.229101e-09 7.611661e-10 -1.003494e-13 4128768
8092.01 407280 2.47 7.226511e-09 7.632013e-10 -2.058361e-13 4128768
8096.06 407072 2.49 7.224137e-09 7.664520e-10 -1.246333e-13 4128768
8100.11 406864 2.51 7.219223e-09 7.688322e-10 -1.215028e-13 4128768
8104.17 406656 2.53 7.207209e-09 7.707200e-10 -6.642562e-14 4128768
8108.08 406456 2.55 7.105567e-09 7.629800e-10 -7.778690e-14 4128768
8112.30 406240 2.57 6.827612e-09 7.373312e-10 -1.176972e-13 4128768
8116.37 406032 2.59 7.211809e-09 7.806308e-10 -2.754290e-14 4128768
8120.45 405824 2.61 7.223169e-09 7.853265e-10 -1.544726e-13 4128768
8124.53 405616 2.63 7.221522e-09 7.890952e-10 -5.284745e-14 4128768
8128.77 405400 2.65 7.216049e-09 7.922691e-10 -1.840362e-13 4128768
8132.86 405192 2.67 7.211244e-09 7.953189e-10 -1.560795e-13 4128768
8137.11 404976 2.70 7.207724e-09 7.989034e-10 -1.199984e-13 4128768
8141.36 404760 2.72 7.204475e-09 8.026501e-10 -8.765271e-14 4128768
8145.46 404552 2.74 7.206977e-09 8.061388e-10 -4.993886e-15 4128768
8149.73 404336 2.76 7.207453e-09 8.092378e-10 -1.253872e-13 4128768
8154.00 404120 2.78 7.204272e-09 8.123128e-10 -1.735685e-13 4128768
8158.43 403896 2.80 7.198702e-09 8.153464e-10 -1.609745e-14 4128768
8162.71 403680 2.82 7.197080e-09 8.192547e-10 -1.828958e-13 4128768
8166.99 403464 2.84 7.198460e-09 8.230308e-10 -2.252054e-13 4128768
8171.43 403240 2.86 7.197242e-09 8.264929e-10 -1.181193e-13 4128768
8175.73 403024 2.88 7.195739e-09 8.293566e-10 -1.105889e-13 4128768
8180.18 402800 2.91 7.191773e-09 8.322330e-10 -5.473369e-14 4128768
8184.64 402576 2.93 7.167033e-09 8.324726e-10 -1.182372e-13 4128768
8189.11 402352 2.95 7.211354e-09 8.406867e-10 -7.232944e-14 4128768
8193.58 402128 2.97 7.210465e-09 8.445359e-10 -1.677570e-13 4128768
8198.05 401904 2.99 7.207792e-09 8.471427e-10 -1.125888e-13 4128768
8202.54 401680 3.01 7.209545e-09 8.510611e-10 -1.340208e-13 4128768
8207.02 401456 3.04 7.134428e-09 8.456926e-10 -1.264714e-13 4128768
8211.51 401232 3.06 7.210476e-09 8.578820e-10 -4.194319e-14 4128768
8216.17 401000 3.08 7.214391e-09 8.611828e-10 -1.017664e-13 4128768
8220.67 400776 3.10 7.213536e-09 8.639678e-10 -1.712476e-13 4128768
8225.34 400544 3.13 7.213484e-09 8.681799e-10 -1.643036e-13 4128768
8230.01 400312 3.15 7.209322e-09 8.706555e-10 -1.893370e-13 4128768
8234.53 400088 3.17 7.203931e-09 8.740303e-10 -1.203881e-13 4128768
8239.21 399856 3.19 7.206646e-09 8.783737e-10 -1.017107e-13 4128768
8243.90 399624 3.22 7.207650e-09 8.813492e-10 -1.221869e-13 4128768
8248.76 399384 3.24 7.207179e-09 8.846924e-10 -3.640975e-14 4128768
8253.46 399152 3.26 7.205113e-09 8.882281e-10 -6.252834e-14 4128768
8258.17 398920 3.29 7.202571e-09 8.913567e-10 -1.216553e-13 4128768
8262.88 398688 3.31 7.200482e-09 8.953320e-10 -1.155847e-13 4128768
8267.76 398448 3.33 7.198703e-09 8.999909e-10 -1.076092e-13 4128768
8272.48 398216 3.36 7.195340e-09 9.026594e-10 -1.094115e-13 4128768
8277.37 397976 3.38 7.194508e-09 9.058413e-10 -1.153386e-13 4128768
8282.27 397736 3.40 7.193981e-09 9.097392e-10 -8.748037e-14 4128768
8287.17 397496 3.43 7.138788e-09 9.069987e-10 -2.555317e-13 4128768
8292.08 397256 3.45 7.189414e-09 9.172660e-10 -1.017992e-13 4128768
8297.00 397016 3.48 7.186926e-09 9.206715e-10 -1.261240e-13 4128768
8301.92 396776 3.50 7.183817e-09 9.250837e-10 -9.929767e-14 4128768
8306.85 396536 3.52 7.184363e-09 9.287920e-10 1.022135e-14 4128768
8311.78 396296 3.55 7.180841e-09 9.316919e-10 -7.257266e-14 4128768
8316.88 396048 3.57 7.179657e-09 9.356090e-10 2.005963e-14 4128768
8321.83 395808 3.60 7.175293e-09 9.386633e-10 -4.409889e-14 4128768
8326.95 395560 3.62 7.171930e-09 9.427337e-10 -7.119723e-14 4128768
8331.90 395320 3.65 7.170108e-09 9.471509e-10 -1.154955e-13 4128768
8337.03 395072 3.67 7.160574e-09 9.496978e-10 -6.923785e-14 4128768
8342.17 394824 3.70 7.156382e-09 9.521665e-10 -5.663700e-14 4128768
8347.31 394576 3.72 7.147180e-09 9.546358e-10 -1.688625e-13 4128768
8352.46 394328 3.75 7.137364e-09 9.561339e-10 -2.576329e-13 4128768
8357.62 394080 3.77 7.126745e-09 9.588104e-10 -1.063064e-13 4128768
8362.78 393832 3.80 7.129344e-09 9.635518e-10 -5.961330e-14 4128768
8367.95 393584 3.82 7.129962e-09 9.683132e-10 -8.297842e-14 4128768
8373.13 393336 3.85 7.131892e-09 9.720186e-10 -7.093418e-14 4128768
8378.48 393080 3.87 7.130643e-09 9.757446e-10 -6.622365e-14 4128768
8383.66 392832 3.90 7.128070e-09 9.789829e-10 -6.393046e-14 4128768
8389.03 392576 3.93 7.125220e-09 9.827937e-10 -8.309294e-14 4128768
8394.23 392328 3.95 7.120477e-09 9.863226e-10 -1.734420e-13 4128768
8399.61 392072 3.98 7.117118e-09 9.904856e-10 -9.614848e-14 4128768
8404.99 391816 4.00 7.113476e-09 9.939279e-10 -1.717665e-13 4128768
8410.38 391560 4.03 7.110801e-09 9.972881e-10 -1.344692e-13 4128768
8415.78 391304 4.06 7.107100e-09 1.000733e-09 -1.102980e-13 4128768
8421.19 391048 4.08 7.106114e-09 1.004893e-09 -1.273796e-13 4128768
8426.60 390792 4.11 7.103429e-09 1.009605e-09 -1.998371e-13 4128768
8432.02 390536 4.14 7.099753e-09 1.013336e-09 -1.584501e-13 4128768
8437.62 390272 4.16 7.093055e-09 1.017001e-09 -7.498705e-14 4128768
8443.05 390016 4.19 7.089836e-09 1.020448e-09 -1.368007e-13 4128768
8448.49 389760 4.22 7.088074e-09 1.024225e-09 -8.703370e-14 4128768
8454.11 389496 4.24 7.084056e-09 1.028261e-09 -1.355608e-13 4128768
8459.57 389240 4.27 7.080377e-09 1.031959e-09 -1.756743e-13 4128768
8465.21 388976 4.30 7.073336e-09 1.036494e-09 -1.510483e-13 4128768
8470.85 388712 4.33 7.070869e-09 1.040356e-09 -9.317371e-14 4128768
8476.50 388448 4.35 7.069616e-09 1.044673e-09 -9.012634e-14 4128768
8482.16 388184 4.38 7.066526e-09 1.048301e-09 -8.579540e-14 4128768
8487.82 387920 4.41 7.061192e-09 1.052356e-09 -1.196008e-13 4128768
8493.50 387656 4.44 7.054149e-09 1.055753e-09 4.106869e-15 4128768
8499.18 387392 4.46 7.055197e-09 1.061131e-09 -1.871853e-13 4128768
8504.87 387128 4.49 7.054720e-09 1.065600e-09 -1.070606e-13 4128768
8510.56 386864 4.52 7.049760e-09 1.069196e-09 -1.660984e-13 4128768
8516.44 386592 4.55 7.045756e-09 1.072695e-09 -1.261793e-13 4128768
8522.15 386328 4.58 7.039352e-09 1.076133e-09 -8.752771e-14 4128768
8528.05 386056 4.60 7.033015e-09 1.080629e-09 -1.611129e-13 4128768
8533.78 385792 4.63 7.029053e-09 1.084688e-09 -1.319252e-13 4128768
8539.69 385520 4.66 7.022472e-09 1.088719e-09 -7.292809e-14 4128768
8545.43 385256 4.69 7.019375e-09 1.092457e-09 -7.699204e-14 4128768
8551.36 384984 4.72 7.016896e-09 1.095844e-09 -1.391761e-13 4128768
8557.30 384712 4.75 7.015628e-09 1.100363e-09 -8.876165e-14 4128768
8563.24 384440 4.78 7.014220e-09 1.105162e-09 -1.127482e-13 4128768
8569.19 384168 4.81 7.010276e-09 1.109612e-09 -7.992481e-14 4128768
8575.15 383896 4.83 7.007887e-09 1.114278e-09 -1.122223e-13 4128768
8581.12 383624 4.86 7.005079e-09 1.118011e-09 -1.362115e-13 4128768
8587.10 383352 4.89 7.001385e-09 1.121274e-09 -8.846504e-14 4128768
8593.27 383072 4.92 6.993293e-09 1.125484e-09 -1.262157e-13 4128768
8599.26 382800 4.95 6.986959e-09 1.129360e-09 -1.327267e-13 4128768
8605.27 382528 4.98 6.976282e-09 1.132807e-09 -1.199173e-13 4128768
