7479.01 441448 1.00 7.219483e-09 1.937869e-09 -1.989055e-13 4128768
7489.08 440840 1.00 7.220883e-09 1.940484e-09 8.282060e-14 4128768
7499.04 440240 1.00 7.228441e-09 1.953785e-09 -1.048438e-13 4128768
7509.03 439640 1.00 7.186527e-09 1.955045e-09 -7.507826e-14 4128768
7519.05 439040 1.00 7.237964e-09 1.982665e-09 2.391647e-14 4128768
7529.09 438440 1.00 7.244383e-09 1.995578e-09 -5.999494e-14 4128768
7539.03 437848 1.00 7.271044e-09 2.015189e-09 -1.182064e-13 4128768
7549.00 437256 1.00 7.269948e-09 2.026469e-09 1.911356e-14 4128768
7558.99 436664 1.00 7.263611e-09 2.039070e-09 -4.194893e-14 4128768
7569.02 436072 1.00 7.287677e-09 2.058489e-09 -4.988960e-14 4128768
7579.06 435480 1.00 7.292962e-09 2.071275e-09 1.739995e-14 4128768
7589.00 434896 1.00 7.299998e-09 2.084958e-09 -1.963420e-13 4128768
7599.11 434304 1.00 7.306617e-09 2.099775e-09 7.165050e-14 4128768
7609.10 433720 1.00 7.250586e-09 2.098310e-09 3.848496e-14 4128768
7619.13 433136 1.00 7.315899e-09 2.127451e-09 3.468635e-14 4128768
7629.04 432560 1.00 7.312894e-09 2.139650e-09 8.214507e-14 4128768
7639.11 431976 1.00 7.330553e-09 2.157222e-09 -1.258212e-13 4128768
7649.08 431400 1.00 7.336848e-09 2.170203e-09 -2.088831e-13 4128768
7659.07 430824 1.00 7.341200e-09 2.182408e-09 -4.362249e-14 4128768
7669.09 430248 1.00 7.343727e-09 2.194404e-09 -2.686164e-15 4128768
7679.00 429680 1.00 7.350275e-09 2.205587e-09 -6.142525e-14 4128768
7680.12 429616 1.00 7.349199e-09 2.207828e-09 4.507499e-15 4128768
7680.68 429584 1.00 7.349719e-09 2.209503e-09 -3.263391e-14 4128768
7681.24 429552 1.00 7.348930e-09 2.208595e-09 -9.064085e-14 4128768
7681.80 429520 1.00 7.350564e-09 2.209085e-09 -1.913301e-13 4128768
7682.35 429488 1.00 7.348291e-09 2.208312e-09 -2.039185e-13 4128768
7682.91 429456 1.00 7.347299e-09 2.209285e-09 -1.078192e-13 4128768
7683.47 429424 1.00 7.347040e-09 2.209974e-09 -1.586714e-13 4128768
7684.03 429392 1.00 7.349275e-09 2.210721e-09 -2.348658e-13 4128768
7684.59 429360 1.00 7.345661e-09 2.210415e-09 -1.543014e-13 4128768
7685.15 429328 1.00 7.348224e-09 2.212269e-09 -2.294252e-13 4128768
7685.71 429296 1.00 7.347400e-09 2.212453e-09 -4.963787e-14 4128768
7686.27 429264 1.00 7.347387e-09 2.211109e-09 -2.291410e-13 4128768
7686.83 429232 1.00 7.346730e-09 2.211419e-09 -1.909275e-13 4128768
7687.39 429200 1.00 7.346797e-09 2.212166e-09 -2.163283e-13 4128768
7687.95 429168 1.00 7.344175e-09 2.211040e-09 -6.222566e-14 4128768
7688.51 429136 1.00 7.340295e-09 2.212230e-09 2.219368e-14 4128768
7689.07 429104 1.00 7.339982e-09 2.213352e-09 -2.387786e-13 4128768
7689.63 429072 1.00 7.338571e-09 2.212518e-09 -8.954927e-14 4128768
7690.19 429040 1.00 7.340993e-09 2.214765e-09 -1.319068e-13 4128768
7690.76 429008 1.00 7.340173e-09 2.212927e-09 -1.680300e-13 4128768
7691.32 428976 1.00 7.340868e-09 2.212078e-09 -8.372190e-14 4128768
7691.88 428944 1.00 7.341223e-09 2.212889e-09 -1.688193e-13 4128768
7692.44 428912 1.00 7.342939e-09 2.213792e-09 -1.190975e-13 4128768
7693.00 428880 1.00 7.346646e-09 2.215080e-09 -1.160358e-13 4128768
7693.56 428848 1.00 7.346998e-09 2.214518e-09 -1.268657e-13 4128768
7694.12 428816 1.00 7.346518e-09 2.216120e-09 -5.542765e-14 4128768
7694.68 428784 1.00 7.346605e-09 2.216432e-09 2.021428e-14 4128768
7695.24 428752 1.00 7.349843e-09 2.217540e-09 -1.760691e-13 4128768
7695.80 428720 1.00 7.348561e-09 2.217613e-09 -1.858814e-13 4128768
7696.37 428688 1.00 7.349021e-09 2.217710e-09 1.102328e-14 4128768
7696.93 428656 1.00 7.349328e-09 2.216216e-09 -8.088341e-14 4128768
7697.49 428624 1.00 7.346540e-09 2.214918e-09 -1.240328e-13 4128768
7698.05 428592 1.00 7.348869e-09 2.217462e-09 -1.585016e-13 4128768
7698.61 428560 1.00 7.346633e-09 2.216734e-09 1.180757e-14 4128768
7699.17 428528 1.00 7.347441e-09 2.215833e-09 -1.569753e-13 4128768
7699.74 428496 1.00 7.347175e-09 2.216213e-09 -1.987585e-13 4128768
7700.30 428464 1.00 7.346012e-09 2.214781e-09 -1.383230e-13 4128768
7700.86 428432 1.00 7.345386e-09 2.213472e-09 -1.848137e-13 4128768
7701.42 428400 1.00 7.343832e-09 2.213033e-09 -1.236917e-13 4128768
7701.99 428368 1.00 7.336669e-09 2.210797e-09 -2.155956e-13 4128768
7702.55 428336 1.00 7.310531e-09 2.202382e-09 -1.278304e-13 4128768
7703.11 428304 1.00 7.267881e-09 2.190207e-09 -1.188740e-13 4128768
7703.67 428272 1.00 7.259500e-09 2.186075e-09 -2.015333e-13 4128768
7704.24 428240 1.00 7.299498e-09 2.197615e-09 -2.458259e-14 4128768
7704.80 428208 1.00 7.329624e-09 2.205161e-09 -1.194925e-13 4128768
7705.36 428176 1.00 7.340260e-09 2.206512e-09 -2.391210e-13 4128768
7705.92 428144 1.00 7.340876e-09 2.205699e-09 -1.772682e-13 4128768
7706.49 428112 1.00 7.346143e-09 2.204160e-09 -3.949933e-14 4128768
7707.05 428080 1.00 7.345788e-09 2.203443e-09 -1.688239e-13 4128768
7707.61 428048 1.00 7.346314e-09 2.199633e-09 -1.071949e-13 4128768
7708.18 428016 1.00 7.347358e-09 2.196438e-09 -1.403027e-13 4128768
7708.74 427984 1.00 7.348322e-09 2.191123e-09 -5.061059e-14 4128768
7709.30 427952 1.00 7.347453e-09 2.182099e-09 -3.610071e-14 4128768
7709.87 427920 1.00 7.347499e-09 2.167106e-09 -1.258504e-13 4128768
7710.43 427888 1.00 7.349277e-09 2.138424e-09 -1.123561e-13 4128768
7710.99 427856 1.00 7.349128e-09 2.084369e-09 -1.032838e-13 4128768
7711.56 427824 1.00 7.349998e-09 2.024668e-09 -7.736514e-14 4128768
7712.12 427792 1.00 7.349267e-09 2.012560e-09 -1.328705e-13 4128768
7712.69 427760 1.00 7.348690e-09 2.045933e-09 -1.294106e-13 4128768
7713.25 427728 1.00 7.348466e-09 2.080273e-09 -1.615415e-13 4128768
7713.81 427696 1.00 7.348132e-09 2.093374e-09 -3.607610e-14 4128768
7714.38 427664 1.00 7.349744e-09 2.097305e-09 -1.668632e-13 4128768
7714.94 427632 1.00 7.350609e-09 2.090456e-09 -3.391371e-14 4128768
7715.51 427600 1.00 7.350042e-09 2.071457e-09 -7.303116e-14 4128768
7716.07 427568 1.00 7.349719e-09 2.037080e-09 -1.349749e-14 4128768
7716.64 427536 1.00 7.349127e-09 1.983396e-09 -2.327946e-13 4128768
7717.20 427504 1.00 7.350745e-09 1.900427e-09 -6.882824e-14 4128768
7717.77 427472 1.00 7.352423e-09 1.791194e-09 -2.586179e-14 4128768
7718.33 427440 1.00 7.351983e-09 1.661659e-09 -7.609868e-14 4128768
7718.90 427408 1.00 7.350536e-09 1.520764e-09 -5.325041e-14 4128768
7719.46 427376 1.00 7.351938e-09 1.366008e-09 -3.896305e-14 4128768
7720.03 427344 1.00 7.352207e-09 1.199654e-09 3.784635e-15 4128768
7720.59 427312 1.00 7.352419e-09 1.024796e-09 -8.217023e-14 4128768
7721.16 427280 1.00 7.353090e-09 8.380938e-10 8.882299e-15 4128768
7721.72 427248 1.00 7.352881e-09 6.625027e-10 1.233193e-14 4128768
7722.29 427216 1.00 7.352581e-09 5.226735e-10 -9.079239e-14 4128768
7722.85 427184 1.00 7.352716e-09 4.291497e-10 -1.620668e-13 4128768
7723.42 427152 1.00 7.351749e-09 3.744635e-10 -1.024149e-13 4128768
7723.98 427120 1.00 7.351759e-09 3.381622e-10 -1.514083e-13 4128768
7724.55 427088 1.00 7.352183e-09 3.197758e-10 -4.164656e-14 4128768
7725.11 427056 1.00 7.353529e-09 3.133469e-10 -1.901317e-13 4128768
7725.68 427024 1.00 7.351769e-09 3.136996e-10 -3.307502e-14 4128768
7726.25 426992 1.00 7.350790e-09 3.169877e-10 -2.236167e-14 4128768
7726.81 426960 1.00 7.351544e-09 3.231450e-10 -9.736760e-14 4128768
7727.38 426928 1.00 7.350825e-09 3.342021e-10 -1.188028e-13 4128768
7727.95 426896 1.00 7.350025e-09 3.428204e-10 -9.612109e-14 4128768
7728.51 426864 1.00 7.351392e-09 3.511895e-10 -1.058652e-13 4128768
7729.08 426832 1.00 7.349385e-09 3.586693e-10 -1.143707e-13 4128768
7729.64 426800 1.00 7.348814e-09 3.673447e-10 -7.587609e-14 4128768
7730.21 426768 1.00 7.350497e-09 3.786023e-10 -1.032076e-13 4128768
7730.78 426736 1.00 7.352384e-09 3.941395e-10 -5.138480e-14 4128768
7731.34 426704 1.00 7.349139e-09 4.082525e-10 -6.408705e-14 4128768
7731.91 426672 1.00 7.349520e-09 4.222013e-10 -7.769729e-14 4128768
7732.48 426640 1.00 7.346994e-09 4.328869e-10 -1.349725e-13 4128768
7733.05 426608 1.00 7.347843e-09 4.423149e-10 -1.320217e-13 4128768
7733.61 426576 1.00 7.347618e-09 4.494796e-10 -2.775716e-14 4128768
7734.18 426544 1.00 7.346051e-09 4.543129e-10 -3.892430e-14 4128768
7734.75 426512 1.00 7.345838e-09 4.589049e-10 -7.135347e-14 4128768
7735.31 426480 1.00 7.344877e-09 4.607011e-10 -7.957661e-14 4128768
7735.88 426448 1.00 7.344856e-09 4.620151e-10 -1.045246e-13 4128768
7736.45 426416 1.00 7.344652e-09 4.639176e-10 -2.369687e-13 4128768
7737.02 426384 1.00 7.343254e-09 4.646819e-10 4.791430e-15 4128768
7737.58 426352 1.00 7.342965e-09 4.648662e-10 -1.065086e-13 4128768
7738.15 426320 1.00 7.343544e-09 4.665155e-10 -5.258869e-14 4128768
7738.72 426288 1.00 7.342461e-09 4.706129e-10 -1.045193e-13 4128768
7739.29 426256 1.00 7.343929e-09 4.724359e-10 -9.171368e-14 4128768
7739.86 426224 1.00 7.343116e-09 4.766186e-10 -1.080931e-13 4128768
7740.42 426192 1.00 7.342558e-09 4.829713e-10 -1.389421e-13 4128768
7740.99 426160 1.00 7.341642e-09 4.872051e-10 -1.589020e-13 4128768
7741.56 426128 1.00 7.341396e-09 4.959656e-10 -4.698565e-14 4128768
7742.13 426096 1.00 7.342091e-09 5.031318e-10 -1.413277e-13 4128768
7742.70 426064 1.00 7.341015e-09 5.113334e-10 -7.669384e-14 4128768
7743.27 426032 1.00 7.338284e-09 5.228413e-10 -1.153609e-13 4128768
7743.84 426000 1.00 7.335808e-09 5.354212e-10 -1.387196e-13 4128768
7744.40 425968 1.00 7.334769e-09 5.470052e-10 -1.482425e-13 4128768
7744.97 425936 1.00 7.333359e-09 5.612155e-10 -1.344654e-13 4128768
7745.54 425904 1.00 7.329896e-09 5.719218e-10 -9.040960e-14 4128768
7746.11 425872 1.00 7.331261e-09 5.848125e-10 -3.847513e-14 4128768
7746.68 425840 1.00 7.327629e-09 5.956908e-10 -9.625122e-14 4128768
7747.25 425808 1.00 7.326904e-09 6.052913e-10 1.266320e-14 4128768
7747.82 425776 1.00 7.325382e-09 6.157838e-10 -3.025444e-14 4128768
7748.39 425744 1.00 7.325952e-09 6.238856e-10 -1.393949e-13 4128768
7748.96 425712 1.00 7.325516e-09 6.309745e-10 -6.229113e-14 4128768
7749.53 425680 1.00 7.326941e-09 6.385248e-10 -2.538025e-13 4128768
7750.10 425648 1.00 7.326918e-09 6.438884e-10 -1.175665e-13 4128768
7750.67 425616 1.00 7.328838e-09 6.464258e-10 -1.649639e-13 4128768
7751.24 425584 1.00 7.329099e-09 6.497411e-10 -1.702906e-13 4128768
7751.81 425552 1.00 7.329048e-09 6.506836e-10 -1.522846e-14 4128768
7752.38 425520 1.00 7.328560e-09 6.501686e-10 -1.152945e-13 4128768
7752.95 425488 1.00 7.329669e-09 6.515778e-10 -1.035149e-14 4128768
7753.52 425456 1.00 7.326255e-09 6.498140e-10 -1.280005e-13 4128768
7754.09 425424 1.00 7.326973e-09 6.469837e-10 -6.443793e-14 4128768
7754.66 425392 1.00 7.325329e-09 6.440790e-10 -5.100411e-14 4128768
7755.23 425360 1.00 7.324607e-09 6.404809e-10 -2.078527e-14 4128768
7755.80 425328 1.00 7.322459e-09 6.388756e-10 -1.403038e-13 4128768
7756.37 425296 1.00 7.321999e-09 6.357313e-10 -1.525515e-13 4128768
7756.94 425264 1.00 7.320994e-09 6.325203e-10 -7.595603e-14 4128768
7757.51 425232 1.00 7.319974e-09 6.290871e-10 6.028283e-14 4128768
7758.08 425200 1.00 7.317082e-09 6.248124e-10 -1.018101e-13 4128768
7758.65 425168 1.00 7.314651e-09 6.204749e-10 -8.672628e-14 4128768
7759.22 425136 1.00 7.303413e-09 6.154197e-10 -1.679165e-13 4128768
7759.79 425104 1.00 7.269760e-09 6.082093e-10 4.777929e-15 4128768
7760.36 425072 1.00 7.209678e-09 5.985701e-10 -8.928115e-14 4128768
7760.94 425040 1.00 7.158279e-09 5.892654e-10 -1.999452e-13 4128768
7761.51 425008 1.00 7.148210e-09 5.835883e-10 -1.328773e-13 4128768
7762.08 424976 1.00 7.181836e-09 5.840513e-10 -1.289626e-13 4128768
7762.65 424944 1.00 7.231797e-09 5.848105e-10 -2.072510e-14 4128768
7763.22 424912 1.00 7.284592e-09 5.853130e-10 -1.216979e-13 4128768
7763.79 424880 1.00 7.305005e-09 5.823276e-10 -8.076378e-14 4128768
7764.37 424848 1.00 7.313794e-09 5.793561e-10 -1.261146e-13 4128768
7764.94 424816 1.00 7.317403e-09 5.756426e-10 -3.823769e-14 4128768
7765.51 424784 1.00 7.321989e-09 5.699912e-10 -8.942615e-14 4128768
7766.08 424752 1.00 7.323489e-09 5.689427e-10 -7.537112e-14 4128768
7766.65 424720 1.00 7.324735e-09 5.661607e-10 -1.100677e-13 4128768
7767.23 424688 1.00 7.327606e-09 5.589838e-10 -1.516855e-13 4128768
7767.80 424656 1.00 7.327999e-09 5.563167e-10 -2.060741e-14 4128768
7768.37 424624 1.00 7.329653e-09 5.526116e-10 -1.653530e-13 4128768
7768.94 424592 1.00 7.330708e-09 5.485435e-10 -4.878525e-14 4128768
7769.52 424560 1.00 7.333184e-09 5.458404e-10 -1.427280e-13 4128768
7770.09 424528 1.00 7.333576e-09 5.418500e-10 -1.932442e-13 4128768
7770.66 424496 1.00 7.332783e-09 5.396451e-10 -1.169405e-13 4128768
7771.23 424464 1.00 7.332585e-09 5.364890e-10 -1.548711e-13 4128768
7771.81 424432 1.00 7.335215e-09 5.327886e-10 -1.029370e-13 4128768
7772.38 424400 1.00 7.334637e-09 5.300053e-10 -2.843563e-14 4128768
7772.95 424368 1.00 7.334904e-09 5.274563e-10 -1.173317e-13 4128768
7773.53 424336 1.00 7.335211e-09 5.239142e-10 7.713449e-14 4128768
7774.10 424304 1.00 7.335792e-09 5.212894e-10 -2.078726e-13 4128768
7774.67 424272 1.00 7.338071e-09 5.183324e-10 -2.661961e-14 4128768
7775.25 424240 1.00 7.338265e-09 5.149401e-10 -2.027415e-14 4128768
7775.82 424208 1.00 7.337977e-09 5.152777e-10 -1.438737e-13 4128768
7776.39 424176 1.00 7.337118e-09 5.110669e-10 -6.659539e-14 4128768
7776.97 424144 1.00 7.337055e-09 5.114923e-10 -3.834046e-15 4128768
7777.54 424112 1.00 7.335706e-09 5.103536e-10 -1.204584e-13 4128768
7778.11 424080 1.00 7.331681e-09 5.095216e-10 -5.917511e-14 4128768
7778.69 424048 1.00 7.302761e-09 5.077895e-10 -2.237747e-14 4128768
7779.26 424016 1.00 7.243903e-09 5.045871e-10 -8.066295e-14 4128768
7779.84 423984 1.00 7.264706e-09 5.063528e-10 -3.099942e-13 4128768
7780.41 423952 1.00 7.312721e-09 5.091454e-10 -6.648133e-14 4128768
7780.99 423920 1.00 7.326934e-09 5.109030e-10 -1.255036e-13 4128768
7781.56 423888 1.00 7.332649e-09 5.127496e-10 -5.651041e-14 4128768
7782.13 423856 1.00 7.332206e-09 5.136035e-10 3.426064e-14 4128768
7782.71 423824 1.00 7.334518e-09 5.145335e-10 -6.716820e-14 4128768
7783.28 423792 1.00 7.334330e-09 5.153436e-10 -2.254614e-13 4128768
7783.86 423760 1.00 7.334962e-09 5.169339e-10 -1.601490e-13 4128768
7784.43 423728 1.00 7.339516e-09 5.177395e-10 -1.040774e-13 4128768
7785.01 423696 1.00 7.338466e-09 5.187595e-10 -5.979998e-14 4128768
7785.58 423664 1.00 7.339002e-09 5.223355e-10 -1.256776e-13 4128768
7786.16 423632 1.00 7.338107e-09 5.210079e-10 -8.644043e-14 4128768
7786.73 423600 1.00 7.340560e-09 5.240102e-10 -1.103102e-13 4128768
7787.31 423568 1.00 7.338993e-09 5.246391e-10 -1.738714e-14 4128768
7787.88 423536 1.00 7.338314e-09 5.235084e-10 1.317033e-14 4128768
7788.46 423504 1.00 7.340121e-09 5.265847e-10 -5.061176e-14 4128768
7789.04 423472 1.00 7.338986e-09 5.252581e-10 -8.264207e-14 4128768
7790.04 423416 1.00 7.339645e-09 5.282670e-10 -1.219957e-13 4128768
7791.91 423312 1.01 7.343371e-09 5.316032e-10 -1.854354e-13 4128768
7793.79 423208 1.02 7.344679e-09 5.368166e-10 -1.268689e-13 4128768
7795.66 423104 1.03 7.344662e-09 5.416402e-10 -4.619077e-14 4128768
7797.53 423000 1.04 7.350499e-09 5.492720e-10 -8.986702e-14 4128768
7799.41 422896 1.05 7.352257e-09 5.570258e-10 -9.953725e-14 4128768
7801.43 422784 1.06 7.352068e-09 5.661493e-10 -8.841898e-14 4128768
7803.31 422680 1.06 7.352743e-09 5.740196e-10 -8.084529e-14 4128768
7805.33 422568 1.07 7.352943e-09 5.822879e-10 -7.901924e-14 4128768
7807.36 422456 1.08 7.354660e-09 5.890524e-10 -1.463721e-13 4128768
7809.38 422344 1.09 7.354808e-09 5.914493e-10 -9.345661e-14 4128768
7811.41 422232 1.10 7.355375e-09 5.915596e-10 -1.740273e-13 4128768
7813.43 422120 1.11 7.355256e-09 5.926369e-10 -1.248914e-13 4128768
7815.61 422000 1.13 7.353120e-09 5.928068e-10 -2.477705e-14 4128768
7817.64 421888 1.13 7.352778e-09 5.912579e-10 -1.108040e-13 4128768
7819.81 421768 1.15 7.353845e-09 5.901646e-10 -7.391238e-14 4128768
7821.99 421648 1.16 7.352843e-09 5.889690e-10 4.631229e-14 4128768
7824.17 421528 1.17 7.351486e-09 5.889292e-10 -9.179953e-14 4128768
7826.35 421408 1.18 7.352760e-09 5.881056e-10 -5.787733e-14 4128768
7828.53 421288 1.19 7.352088e-09 5.868179e-10 -3.795658e-14 4128768
7830.85 421160 1.20 7.352709e-09 5.894097e-10 -1.616349e-13 4128768
7833.04 421040 1.21 7.353863e-09 5.911223e-10 -1.504059e-13 4128768
7835.37 420912 1.22 7.354472e-09 5.914674e-10 -2.195694e-13 4128768
7837.55 420792 1.23 7.354957e-09 5.924739e-10 -6.217986e-14 4128768
7839.89 420664 1.24 7.356040e-09 5.951236e-10 -1.402499e-13 4128768
7842.22 420536 1.26 7.354399e-09 5.948684e-10 -2.130617e-13 4128768
7844.56 420408 1.27 7.353020e-09 5.960955e-10 -5.984858e-14 4128768
7847.04 420272 1.28 7.353508e-09 5.972442e-10 -1.610596e-13 4128768
7849.38 420144 1.29 7.354280e-09 5.958022e-10 -1.152684e-13 4128768
7851.86 420008 1.30 7.351633e-09 5.959880e-10 -1.162460e-13 4128768
7854.21 419880 1.31 7.352974e-09 5.937446e-10 -1.595521e-13 4128768
7856.70 419744 1.33 7.353783e-09 5.925783e-10 -1.371876e-13 4128768
7859.19 419608 1.34 7.352772e-09 5.927570e-10 -7.004551e-14 4128768
7861.68 419472 1.35 7.354132e-09 5.910662e-10 -9.679237e-14 4128768
7864.17 419336 1.36 7.354928e-09 5.904988e-10 -3.015386e-14 4128768
7866.82 419192 1.38 7.358472e-09 5.904695e-10 -1.006112e-13 4128768
7869.32 419056 1.39 7.358690e-09 5.917778e-10 1.682971e-14 4128768
7871.96 418912 1.40 7.358711e-09 5.938109e-10 -1.127363e-13 4128768
7874.46 418776 1.41 7.358513e-09 5.953581e-10 4.756750e-14 4128768
7877.11 418632 1.43 7.359396e-09 5.968807e-10 -8.647327e-14 4128768
7879.77 418488 1.44 7.357907e-09 6.003836e-10 -5.558469e-14 4128768
7882.42 418344 1.45 7.356288e-09 6.041592e-10 -1.123018e-13 4128768
7885.08 418200 1.46 7.348771e-09 6.084887e-10 -8.792634e-14 4128768
7887.88 418048 1.48 7.154732e-09 5.952608e-10 -9.855363e-14 4128768
7890.54 417904 1.49 7.365952e-09 6.175989e-10 -1.002877e-13 4128768
7893.35 417752 1.50 7.362879e-09 6.216054e-10 -6.158201e-14 4128768
7896.01 417608 1.52 7.361111e-09 6.267912e-10 -1.487441e-13 4128768
7898.83 417456 1.53 7.361756e-09 6.311868e-10 -4.375570e-14 4128768
7901.64 417304 1.55 7.362117e-09 6.344476e-10 -9.073923e-14 4128768
7904.46 417152 1.56 7.362283e-09 6.375471e-10 -1.408580e-13 4128768
7907.43 416992 1.57 7.364394e-09 6.410737e-10 -6.464541e-14 4128768
7910.25 416840 1.59 7.365132e-09 6.428447e-10 -8.273125e-14 4128768
7913.07 416688 1.60 7.366491e-09 6.478251e-10 -1.651214e-13 4128768
7916.05 416528 1.62 7.366839e-09 6.495451e-10 -1.265566e-13 4128768
7919.03 416368 1.63 7.366472e-09 6.513983e-10 -8.369392e-14 4128768
7922.00 416208 1.64 7.302319e-09 6.482245e-10 -9.024081e-14 4128768
7924.99 416048 1.66 7.361283e-09 6.544686e-10 -1.079960e-13 4128768
7927.97 415888 1.67 7.363552e-09 6.553799e-10 -1.662337e-13 4128768
7930.96 415728 1.69 7.360580e-09 6.560131e-10 -1.134700e-13 4128768
7933.95 415568 1.70 7.354850e-09 6.568397e-10 -1.385302e-13 4128768
7937.09 415400 1.72 7.353463e-09 6.568335e-10 -3.950398e-14 4128768
7940.08 415240 1.73 7.353649e-09 6.580717e-10 -1.225606e-13 4128768
7943.23 415072 1.75 7.350663e-09 6.586131e-10 -7.103733e-14 4128768
7946.37 414904 1.76 7.227063e-09 6.493782e-10 -1.025633e-13 4128768
7949.52 414736 1.78 7.364130e-09 6.636978e-10 -8.805809e-14 4128768
7952.68 414568 1.79 7.362658e-09 6.653584e-10 -7.014230e-14 4128768
7955.83 414400 1.81 7.364239e-09 6.673557e-10 5.215147e-14 4128768
7958.99 414232 1.83 7.366145e-09 6.708302e-10 -4.708359e-14 4128768
7962.30 414056 1.84 7.366374e-09 6.721320e-10 -2.972831e-14 4128768
7965.47 413888 1.86 7.365029e-09 6.745149e-10 -1.801387e-13 4128768
7968.78 413712 1.87 7.362133e-09 6.782873e-10 -1.125363e-13 4128768
7972.10 413536 1.89 7.359935e-09 6.802475e-10 -2.084024e-13 4128768
7975.28 413368 1.90 7.352742e-09 6.826630e-10 -1.186452e-13 4128768
7978.60 413192 1.92 7.331002e-09 6.833125e-10 2.836707e-14 4128768
7982.08 413008 1.94 7.331679e-09 6.867901e-10 -9.289889e-14 4128768
7985.41 412832 1.95 7.373587e-09 6.933329e-10 -1.662652e-13 4128768
7988.75 412656 1.97 7.371552e-09 6.964325e-10 -2.389875e-13 4128768
7992.24 412472 1.99 7.367499e-09 6.973147e-10 -1.168713e-13 4128768
7995.58 412296 2.00 7.367117e-09 7.003414e-10 -9.267955e-14 4128768
7999.07 412112 2.02 7.362765e-09 7.033093e-10 -4.777344e-14 4128768
8002.57 411928 2.04 7.363155e-09 7.069931e-10 -6.271448e-14 4128768
8006.07 411744 2.06 7.362877e-09 7.095043e-10 -7.121322e-14 4128768
8009.58 411560 2.07 7.362394e-09 7.133561e-10 -1.076537e-13 4128768
8013.09 411376 2.09 7.364087e-09 7.175145e-10 -1.296482e-13 4128768
8016.60 411192 2.11 7.364452e-09 7.204378e-10 1.671313e-14 4128768
8020.26 411000 2.12 7.364252e-09 7.235249e-10 -8.418320e-14 4128768
8023.78 410816 2.14 7.362430e-09 7.260438e-10 -1.789804e-13 4128768
8027.46 410624 2.16 7.362006e-09 7.299027e-10 -1.741654e-13 4128768
8031.13 410432 2.18 7.361772e-09 7.328233e-10 -9.404261e-14 4128768
8034.66 410248 2.19 7.362818e-09 7.361353e-10 -1.501549e-13 4128768
8038.35 410056 2.21 7.364089e-09 7.397556e-10 -6.356589e-14 4128768
8042.03 409864 2.23 7.362050e-09 7.429737e-10 -1.999824e-13 4128768
8045.88 409664 2.25 7.361709e-09 7.459113e-10 -1.679661e-13 4128768
8049.57 409472 2.27 7.360891e-09 7.483705e-10 -9.515803e-14 4128768
8053.27 409280 2.29 7.358905e-09 7.503582e-10 -2.323927e-14 4128768
8057.13 409080 2.30 7.358000e-09 7.525511e-10 -1.409197e-13 4128768
8060.83 408888 2.32 7.359749e-09 7.549179e-10 -9.635581e-14 4128768
8064.70 408688 2.34 7.360947e-09 7.582121e-10 -1.837032e-13 4128768
8068.56 408488 2.36 7.359209e-09 7.607564e-10 -1.472186e-13 4128768
8072.44 408288 2.38 7.357781e-09 7.632076e-10 -2.253822e-13 4128768
8076.31 408088 2.40 7.357722e-09 7.652833e-10 -3.712370e-14 4128768
8080.19 407888 2.42 7.355345e-09 7.680418e-10 -1.459119e-13 4128768
8084.23 407680 2.44 7.354684e-09 7.703753e-10 -2.361470e-14 4128768
8088.11 407480 2.46 7.353942e-09 7.725900e-10 -1.709644e-13 4128768
8092.01 407280 2.47 7.353363e-09 7.748229e-10 -1.918499e-13 4128768
8096.06 407072 2.49 7.348993e-09 7.778438e-10 -8.012093e-14 4128768
8100.11 406864 2.51 7.344985e-09 7.803236e-10 -9.331940e-14 4128768
8104.17 406656 2.53 7.331433e-09 7.828223e-10 -8.868526e-14 4128768
8108.08 406456 2.55 7.203163e-09 7.725437e-10 -1.053765e-13 4128768
8112.30 406240 2.57 6.979244e-09 7.524526e-10 -6.954700e-14 4128768
8116.37 406032 2.59 7.337589e-09 7.936347e-10 -1.195784e-13 4128768
8120.45 405824 2.61 7.349203e-09 7.976184e-10 -8.946247e-14 4128768
8124.53 405616 2.63 7.347065e-09 8.004001e-10 -1.151481e-13 4128768
8128.77 405400 2.65 7.341225e-09 8.038641e-10 -8.054980e-14 4128768
8132.86 405192 2.67 7.335979e-09 8.075330e-10 -1.658874e-13 4128768
8137.11 404976 2.70 7.332051e-09 8.117799e-10 -1.479281e-13 4128768
8141.36 404760 2.72 7.331709e-09 8.148579e-10 -8.315890e-14 4128768
8145.46 404552 2.74 7.333865e-09 8.191773e-10 -1.379376e-13 4128768
8149.73 404336 2.76 7.332401e-09 8.222941e-10 -1.515149e-13 4128768
8154.00 404120 2.78 7.331461e-09 8.249355e-10 -1.780262e-13 4128768
8158.43 403896 2.80 7.324505e-09 8.279293e-10 -5.245601e-14 4128768
8162.71 403680 2.82 7.322697e-09 8.317521e-10 -1.661154e-13 4128768
8166.99 403464 2.84 7.324023e-09 8.354465e-10 -1.114783e-13 4128768
8171.43 403240 2.86 7.324567e-09 8.396287e-10 -6.125705e-14 4128768
8175.73 403024 2.88 7.320881e-09 8.425054e-10 -1.640738e-13 4128768
8180.18 402800 2.91 7.317558e-09 8.447716e-10 -8.790915e-14 4128768
8184.64 402576 2.93 7.290608e-09 8.456326e-10 -1.292131e-13 4128768
8189.11 402352 2.95 7.339049e-09 8.539962e-10 -4.997503e-14 4128768
8193.58 402128 2.97 7.335506e-09 8.570178e-10 -2.277096e-13 4128768
8198.05 401904 2.99 7.332739e-09 8.605157e-10 -1.001669e-13 4128768
8202.54 401680 3.01 7.333732e-09 8.651067e-10 -1.378373e-13 4128768
8207.02 401456 3.04 7.255506e-09 8.594588e-10 -4.617938e-14 4128768
8211.51 401232 3.06 7.333640e-09 8.716032e-10 -1.279933e-13 4128768
8216.17 401000 3.08 7.337078e-09 8.749966e-10 -1.108851e-13 4128768
8220.67 400776 3.10 7.337122e-09 8.776034e-10 -1.577942e-13 4128768
8225.34 400544 3.13 7.335182e-09 8.812199e-10 -1.927408e-13 4128768
8230.01 400312 3.15 7.330881e-09 8.846678e-10 -9.843631e-14 4128768
8234.53 400088 3.17 7.326966e-09 8.871859e-10 -1.740310e-13 4128768
8239.21 399856 3.19 7.328616e-09 8.917810e-10 -7.982326e-14 4128768
8243.90 399624 3.22 7.329239e-09 8.948485e-10 -9.210774e-14 4128768
8248.76 399384 3.24 7.329289e-09 8.979524e-10 -3.992051e-14 4128768
8253.46 399152 3.26 7.325799e-09 9.015029e-10 -1.302175e-13 4128768
8258.17 398920 3.29 7.326334e-09 9.058346e-10 -1.162582e-13 4128768
8262.88 398688 3.31 7.322448e-09 9.090664e-10 3.304478e-15 4128768
8267.76 398448 3.33 7.320126e-09 9.129251e-10 -1.490916e-14 4128768
8272.48 398216 3.36 7.318620e-09 9.162304e-10 -9.709646e-14 4128768
8277.37 397976 3.38 7.317284e-09 9.194313e-10 -1.971297e-13 4128768
8282.27 397736 3.40 7.315576e-09 9.240085e-10 -1.363983e-13 4128768
8287.17 397496 3.43 7.253786e-09 9.197196e-10 -1.557313e-13 4128768
8292.08 397256 3.45 7.310498e-09 9.302467e-10 -5.899866e-14 4128768
8297.00 397016 3.48 7.308248e-09 9.350425e-10 -1.444222e-13 4128768
8301.92 396776 3.50 7.306959e-09 9.386862e-10 -1.242602e-13 4128768
8306.85 396536 3.52 7.304609e-09 9.430265e-10 -1.073638e-13 4128768
8311.78 396296 3.55 7.303117e-09 9.459430e-10 -1.401053e-13 4128768
8316.88 396048 3.57 7.300721e-09 9.495704e-10 -1.279679e-13 4128768
8321.83 395808 3.60 7.297732e-09 9.533281e-10 -1.124477e-13 4128768
8326.95 395560 3.62 7.294840e-09 9.566548e-10 -1.222114e-13 4128768
8331.90 395320 3.65 7.293253e-09 9.612541e-10 -1.057180e-13 4128768
8337.03 395072 3.67 7.283470e-09 9.645790e-10 -3.166950e-14 4128768
8342.17 394824 3.70 7.278477e-09 9.668132e-10 -1.132912e-13 4128768
8347.31 394576 3.72 7.270467e-09 9.692309e-10 -1.379497e-13 4128768
8352.46 394328 3.75 7.258552e-09 9.703046e-10 -1.193190e-13 4128768
8357.62 394080 3.77 7.247747e-09 9.744535e-10 -1.164166e-13 4128768
8362.78 393832 3.80 7.250260e-09 9.782479e-10 -1.122229e-13 4128768
8367.95 393584 3.82 7.250655e-09 9.829454e-10 -1.206672e-13 4128768
8373.13 393336 3.85 7.251235e-09 9.862354e-10 -1.058467e-13 4128768
8378.48 393080 3.87 7.250734e-09 9.908383e-10 -5.156452e-14 4128768
8383.66 392832 3.90 7.248851e-09 9.945372e-10 -9.172956e-14 4128768
8389.03 392576 3.93 7.246261e-09 9.980151e-10 -1.205291e-13 4128768
8394.23 392328 3.95 7.240192e-09 1.001372e-09 -1.382071e-13 4128768
8399.61 392072 3.98 7.236369e-09 1.005416e-09 -2.076110e-13 4128768
8404.99 391816 4.00 7.234014e-09 1.009419e-09 -1.410859e-13 4128768
8410.38 391560 4.03 7.232145e-09 1.012792e-09 -8.586456e-14 4128768
8415.78 391304 4.06 7.228214e-09 1.016370e-09 -1.414467e-13 4128768
8421.19 391048 4.08 7.226354e-09 1.020288e-09 -9.757364e-14 4128768
8426.60 390792 4.11 7.223557e-09 1.024669e-09 -1.249038e-13 4128768
8432.02 390536 4.14 7.220346e-09 1.029032e-09 -1.320004e-13 4128768
8437.62 390272 4.16 7.213251e-09 1.032227e-09 -7.694173e-14 4128768
8443.05 390016 4.19 7.209626e-09 1.036436e-09 -1.533879e-13 4128768
8448.49 389760 4.22 7.206837e-09 1.039900e-09 -1.047352e-13 4128768
8454.11 389496 4.24 7.203838e-09 1.043721e-09 -1.072500e-13 4128768
8459.57 389240 4.27 7.201873e-09 1.048065e-09 -1.189844e-13 4128768
8465.21 388976 4.30 7.194306e-09 1.052682e-09 -1.322373e-13 4128768
8470.85 388712 4.33 7.191117e-09 1.056584e-09 -1.355341e-13 4128768
8476.50 388448 4.35 7.188988e-09 1.060374e-09 -1.430163e-13 4128768
8482.16 388184 4.38 7.186612e-09 1.064194e-09 -9.420198e-14 4128768
8487.82 387920 4.41 7.181453e-09 1.068567e-09 -5.489679e-14 4128768
8493.50 387656 4.44 7.174698e-09 1.071762e-09 -7.938791e-14 4128768
8499.18 387392 4.46 7.175931e-09 1.077319e-09 -9.484907e-14 4128768
8504.87 387128 4.49 7.175394e-09 1.082033e-09 -1.269082e-13 4128768
8510.56 386864 4.52 7.169637e-09 1.085544e-09 -1.080713e-13 4128768
8516.44 386592 4.55 7.165328e-09 1.088873e-09 -8.306282e-14 4128768
8522.15 386328 4.58 7.157774e-09 1.092625e-09 -4.434734e-14 4128768
8528.05 386056 4.60 7.151880e-09 1.096104e-09 -1.221655e-13 4128768
8533.78 385792 4.63 7.148927e-09 1.101111e-09 -1.385790e-13 4128768
8539.69 385520 4.66 7.141585e-09 1.105194e-09 -1.165821e-13 4128768
8545.43 385256 4.69 7.139940e-09 1.108199e-09 -1.384823e-13 4128768
8551.36 384984 4.72 7.137331e-09 1.113355e-09 -1.140460e-13 4128768
8557.30 384712 4.75 7.134575e-09 1.117552e-09 -1.603678e-13 4128768
8563.24 384440 4.78 7.134416e-09 1.122056e-09 -1.226373e-13 4128768
8569.19 384168 4.81 7.129772e-09 1.127159e-09 -9.458008e-14 4128768
8575.15 383896 4.83 7.125124e-09 1.130779e-09 -1.309114e-13 4128768
8581.12 383624 4.86 7.123544e-09 1.134328e-09 -7.462250e-14 4128768
8587.10 383352 4.89 7.119015e-09 1.138695e-09 -1.136943e-13 4128768
8593.27 383072 4.92 7.112625e-09 1.142931e-09 -1.394323e-13 4128768
8599.26 382800 4.95 7.105099e-09 1.145294e-09 -1.102230e-13 4128768
8605.27 382528 4.98 7.094473e-09 1.151129e-09 -1.206267e-13 4128768
