6862.04 482256 1.00 1.424210e-08 3.013823e-09 5.872265e-10 4128768
6872.01 481536 1.00 1.424547e-08 3.017641e-09 5.888040e-10 4128768
6882.00 480816 1.00 1.429455e-08 3.051670e-09 6.006999e-10 4128768
6892.03 480096 1.00 1.435302e-08 3.089992e-09 6.144605e-10 4128768
6902.09 479376 1.00 1.440527e-08 3.127771e-09 6.286675e-10 4128768
6912.07 478664 1.00 1.444952e-08 3.160632e-09 6.413703e-10 4128768
6922.07 477952 1.00 1.445346e-08 3.189423e-09 6.546498e-10 4128768
6932.00 477248 1.00 1.451021e-08 3.225836e-09 6.681314e-10 4128768
6942.06 476536 1.00 1.455510e-08 3.264425e-09 6.837167e-10 4128768
6952.05 475832 1.00 1.458778e-08 3.294558e-09 6.966555e-10 4128768
6962.06 475128 1.00 1.461412e-08 3.329749e-09 7.116228e-10 4128768
6972.11 474424 1.00 1.464369e-08 3.361148e-09 7.257815e-10 4128768
6982.07 473728 1.00 1.468136e-08 3.396844e-09 7.410713e-10 4128768
6992.05 473032 1.00 1.471597e-08 3.431221e-09 7.559701e-10 4128768
7002.07 472336 1.00 1.475378e-08 3.465648e-09 7.716949e-10 4128768
7012.01 471648 1.00 1.480314e-08 3.506220e-09 7.885201e-10 4128768
7022.09 470952 1.00 1.374919e-08 3.284087e-09 7.478296e-10 4128768
7032.08 470264 1.00 1.486350e-08 3.572879e-09 8.189737e-10 4128768
7042.10 469576 1.00 1.491510e-08 3.610841e-09 8.338611e-10 4128768
7052.04 468896 1.00 1.495750e-08 3.648834e-09 8.517003e-10 4128768
7062.00 468216 1.00 1.498778e-08 3.682695e-09 8.677187e-10 4128768
7072.00 467536 1.00 1.502875e-08 3.721323e-09 8.841087e-10 4128768
7082.02 466856 1.00 1.507269e-08 3.759340e-09 9.011744e-10 4128768
7083.08 466784 2.00 1.507425e-08 3.763188e-09 9.022080e-10 4128768
7083.68 466744 2.00 1.507445e-08 3.764603e-09 9.029989e-10 4128768
7084.27 466704 2.00 1.507386e-08 3.768117e-09 9.041079e-10 4128768
7084.86 466664 2.00 1.507426e-08 3.767081e-09 9.042950e-10 4128768
7085.45 466624 2.00 1.507340e-08 3.769190e-09 9.047207e-10 4128768
7086.04 466584 2.00 1.507241e-08 3.770714e-09 9.057203e-10 4128768
7086.63 466544 2.00 1.507377e-08 3.772628e-09 9.058577e-10 4128768
7087.22 466504 2.00 1.507668e-08 3.774639e-09 9.067646e-10 4128768
7087.81 466464 2.00 1.507611e-08 3.775815e-09 9.071810e-10 4128768
7088.40 466424 2.00 1.507869e-08 3.776574e-09 9.075888e-10 4128768
7089.00 466384 2.00 1.507964e-08 3.777561e-09 9.080580e-10 4128768
7089.59 466344 2.00 1.508063e-08 3.779751e-09 9.088237e-10 4128768
7090.18 466304 2.00 1.508208e-08 3.781794e-09 9.095034e-10 4128768
7090.77 466264 2.00 1.508306e-08 3.783518e-09 9.099808e-10 4128768
7091.36 466224 2.00 1.508201e-08 3.784832e-09 9.107323e-10 4128768
7091.96 466184 2.00 1.508114e-08 3.785931e-09 9.110846e-10 4128768
7092.55 466144 2.00 1.508213e-08 3.787423e-09 9.116743e-10 4128768
7093.14 466104 2.00 1.508261e-08 3.789373e-09 9.126033e-10 4128768
7093.73 466064 2.00 1.508277e-08 3.790717e-09 9.125862e-10 4128768
7094.33 466024 2.00 1.508389e-08 3.792758e-09 9.133035e-10 4128768
7094.92 465984 2.00 1.507346e-08 3.791647e-09 9.125904e-10 4128768
7095.51 465944 2.00 1.507822e-08 3.793254e-09 9.129010e-10 4128768
7096.10 465904 2.00 1.507998e-08 3.796564e-09 9.139028e-10 4128768
7096.70 465864 2.00 1.507405e-08 3.795834e-09 9.132550e-10 4128768
7097.29 465824 2.00 1.507523e-08 3.798040e-09 9.132089e-10 4128768
7097.88 465784 2.00 1.507596e-08 3.799364e-09 9.139066e-10 4128768
7098.48 465744 2.00 1.507632e-08 3.801140e-09 9.140320e-10 4128768
7099.07 465704 2.00 1.507935e-08 3.802344e-09 9.142947e-10 4128768
7099.66 465664 2.00 1.507772e-08 3.804012e-09 9.144368e-10 4128768
7100.26 465624 2.00 1.507928e-08 3.805664e-09 9.139735e-10 4128768
7100.85 465584 2.00 1.508170e-08 3.808162e-09 9.136060e-10 4128768
7101.45 465544 2.00 1.507912e-08 3.808446e-09 9.130655e-10 4128768
7102.04 465504 2.00 1.507660e-08 3.809556e-09 9.121172e-10 4128768
7102.63 465464 2.00 1.507899e-08 3.810927e-09 9.110573e-10 4128768
7103.23 465424 2.00 1.507721e-08 3.812138e-09 9.103387e-10 4128768
7103.82 465384 2.00 1.507864e-08 3.813127e-09 9.080428e-10 4128768
7104.42 465344 2.00 1.507897e-08 3.813807e-09 9.065381e-10 4128768
7105.01 465304 2.00 1.507728e-08 3.814807e-09 9.043058e-10 4128768
7105.61 465264 2.00 1.507450e-08 3.814630e-09 9.009851e-10 4128768
7106.20 465224 2.00 1.507387e-08 3.815368e-09 8.969625e-10 4128768
7106.79 465184 2.00 1.507038e-08 3.815329e-09 8.914938e-10 4128768
7107.39 465144 2.00 1.506602e-08 3.814577e-09 8.844580e-10 4128768
7107.98 465104 2.00 1.505870e-08 3.812630e-09 8.744171e-10 4128768
7108.58 465064 2.00 1.504549e-08 3.808201e-09 8.599257e-10 4128768
7109.17 465024 2.00 1.502293e-08 3.801630e-09 8.367784e-10 4128768
7109.77 464984 2.00 1.498828e-08 3.791414e-09 8.003347e-10 4128768
7110.37 464944 2.00 1.495066e-08 3.777090e-09 7.438086e-10 4128768
7110.96 464904 2.00 1.491895e-08 3.762604e-09 6.885388e-10 4128768
7111.56 464864 2.00 1.488068e-08 3.744163e-09 6.385339e-10 4128768
7112.15 464824 2.00 1.485748e-08 3.723910e-09 6.046070e-10 4128768
7112.75 464784 2.00 1.483473e-08 3.702040e-09 5.796115e-10 4128768
7113.34 464744 2.00 1.481874e-08 3.687623e-09 5.623856e-10 4128768
7113.94 464704 2.00 1.480996e-08 3.685986e-09 5.473405e-10 4128768
7114.54 464664 2.00 1.480581e-08 3.692557e-09 5.379172e-10 4128768
7115.13 464624 2.00 1.480214e-08 3.698752e-09 5.313242e-10 4128768
7115.73 464584 2.00 1.479906e-08 3.698707e-09 5.274666e-10 4128768
7116.33 464544 2.00 1.479333e-08 3.693794e-09 5.224854e-10 4128768
7116.92 464504 2.00 1.478198e-08 3.683301e-09 5.153436e-10 4128768
7117.52 464464 2.00 1.476030e-08 3.665000e-09 5.015436e-10 4128768
7118.12 464424 2.00 1.474636e-08 3.640847e-09 4.825543e-10 4128768
7118.71 464384 2.00 1.473101e-08 3.605943e-09 4.614208e-10 4128768
7119.31 464344 2.00 1.472052e-08 3.562711e-09 4.411899e-10 4128768
7119.91 464304 2.00 1.470403e-08 3.509745e-09 4.204766e-10 4128768
7120.50 464264 2.00 1.468364e-08 3.452147e-09 4.025733e-10 4128768
7121.10 464224 2.00 1.467523e-08 3.395946e-09 3.868731e-10 4128768
7121.70 464184 2.00 1.465904e-08 3.338274e-09 3.727253e-10 4128768
7122.30 464144 2.00 1.464695e-08 3.273837e-09 3.592856e-10 4128768
7122.89 464104 2.00 1.463561e-08 3.211586e-09 3.472362e-10 4128768
7123.49 464064 2.00 1.462272e-08 3.138785e-09 3.344325e-10 4128768
7124.09 464024 2.00 1.460800e-08 3.063843e-09 3.229607e-10 4128768
7124.69 463984 2.00 1.458337e-08 2.989724e-09 3.117654e-10 4128768
7125.28 463944 2.00 1.456040e-08 2.929534e-09 3.027636e-10 4128768
7125.88 463904 2.00 1.453418e-08 2.871838e-09 2.945352e-10 4128768
7126.48 463864 2.00 1.450317e-08 2.820426e-09 2.877510e-10 4128768
7127.08 463824 2.00 1.446205e-08 2.759275e-09 2.789946e-10 4128768
7127.68 463784 2.00 1.442325e-08 2.700981e-09 2.704384e-10 4128768
7128.28 463744 2.00 1.437287e-08 2.640614e-09 2.617222e-10 4128768
7128.87 463704 2.00 1.432851e-08 2.592317e-09 2.551400e-10 4128768
7129.47 463664 2.00 1.427478e-08 2.551089e-09 2.494756e-10 4128768
7130.07 463624 2.00 1.422835e-08 2.525256e-09 2.465747e-10 4128768
7130.67 463584 2.00 1.418904e-08 2.510226e-09 2.453749e-10 4128768
7131.27 463544 2.00 1.416331e-08 2.507086e-09 2.457027e-10 4128768
