6862.04 482256 1.00 1.317921e-08 8.018500e-10 1.835437e-10 4128768
6872.01 481536 1.00 1.318224e-08 8.029830e-10 1.841217e-10 4128768
6882.00 480816 1.00 1.322233e-08 8.154966e-10 1.877222e-10 4128768
6892.03 480096 1.00 1.328032e-08 8.299849e-10 1.926382e-10 4128768
6902.09 479376 1.00 1.332671e-08 8.444585e-10 1.965593e-10 4128768
6912.07 478664 1.00 1.337087e-08 8.582816e-10 2.012292e-10 4128768
6922.07 477952 1.00 1.335230e-08 8.693774e-10 2.051568e-10 4128768
6932.00 477248 1.00 1.342680e-08 8.842876e-10 2.101656e-10 4128768
6942.06 476536 1.00 1.346438e-08 8.996066e-10 2.152553e-10 4128768
6952.05 475832 1.00 1.349255e-08 9.123892e-10 2.195945e-10 4128768
6962.06 475128 1.00 1.352013e-08 9.264946e-10 2.246558e-10 4128768
6972.11 474424 1.00 1.354626e-08 9.395986e-10 2.294449e-10 4128768
6982.07 473728 1.00 1.358255e-08 9.546814e-10 2.345063e-10 4128768
6992.05 473032 1.00 1.360748e-08 9.686553e-10 2.399846e-10 4128768
7002.07 472336 1.00 1.364491e-08 9.841290e-10 2.453885e-10 4128768
7012.01 471648 1.00 1.368846e-08 9.996239e-10 2.510782e-10 4128768
7022.09 470952 1.00 1.307773e-08 9.691400e-10 2.475706e-10 4128768
7032.08 470264 1.00 1.374579e-08 1.028078e-09 2.615612e-10 4128768
7042.10 469576 1.00 1.380103e-08 1.044317e-09 2.674311e-10 4128768
7052.04 468896 1.00 1.383601e-08 1.060909e-09 2.730957e-10 4128768
7062.00 468216 1.00 1.386676e-08 1.075663e-09 2.792109e-10 4128768
7072.00 467536 1.00 1.390331e-08 1.090992e-09 2.852180e-10 4128768
7082.02 466856 1.00 1.394452e-08 1.108211e-09 2.911521e-10 4128768
7083.08 466784 2.00 1.394642e-08 1.109792e-09 2.916911e-10 4128768
7083.68 466744 2.00 1.394790e-08 1.110190e-09 2.919820e-10 4128768
7084.27 466704 2.00 1.394999e-08 1.111738e-09 2.924103e-10 4128768
7084.86 466664 2.00 1.395125e-08 1.112668e-09 2.924254e-10 4128768
7085.45 466624 2.00 1.395312e-08 1.112882e-09 2.924775e-10 4128768
7086.04 466584 2.00 1.395321e-08 1.113822e-09 2.931342e-10 4128768
7086.63 466544 2.00 1.395408e-08 1.114172e-09 2.934051e-10 4128768
7087.22 466504 2.00 1.395524e-08 1.114598e-09 2.935278e-10 4128768
7087.81 466464 2.00 1.395474e-08 1.115144e-09 2.937007e-10 4128768
7088.40 466424 2.00 1.395437e-08 1.116218e-09 2.939171e-10 4128768
7089.00 466384 2.00 1.395474e-08 1.116923e-09 2.942118e-10 4128768
7089.59 466344 2.00 1.395531e-08 1.116867e-09 2.943164e-10 4128768
7090.18 466304 2.00 1.395391e-08 1.117799e-09 2.942049e-10 4128768
7090.77 466264 2.00 1.395453e-08 1.117940e-09 2.946453e-10 4128768
7091.36 466224 2.00 1.395571e-08 1.119130e-09 2.949416e-10 4128768
7091.96 466184 2.00 1.395380e-08 1.119377e-09 2.951875e-10 4128768
7092.55 466144 2.00 1.395341e-08 1.120113e-09 2.951228e-10 4128768
7093.14 466104 2.00 1.395688e-08 1.121470e-09 2.954877e-10 4128768
7093.73 466064 2.00 1.395663e-08 1.122043e-09 2.956360e-10 4128768
7094.33 466024 2.00 1.395761e-08 1.122632e-09 2.960385e-10 4128768
7094.92 465984 2.00 1.395958e-08 1.123403e-09 2.961205e-10 4128768
7095.51 465944 2.00 1.396052e-08 1.124762e-09 2.962121e-10 4128768
7096.10 465904 2.00 1.396198e-08 1.125080e-09 2.963533e-10 4128768
7096.70 465864 2.00 1.396442e-08 1.125858e-09 2.969237e-10 4128768
7097.29 465824 2.00 1.396501e-08 1.126287e-09 2.967927e-10 4128768
7097.88 465784 2.00 1.396601e-08 1.126951e-09 2.968302e-10 4128768
7098.48 465744 2.00 1.396735e-08 1.128360e-09 2.969726e-10 4128768
7099.07 465704 2.00 1.396584e-08 1.128515e-09 2.970563e-10 4128768
7099.66 465664 2.00 1.396815e-08 1.129030e-09 2.969547e-10 4128768
7100.26 465624 2.00 1.396660e-08 1.129573e-09 2.974194e-10 4128768
7100.85 465584 2.00 1.396982e-08 1.130856e-09 2.974087e-10 4128768
7101.45 465544 2.00 1.397162e-08 1.131412e-09 2.972222e-10 4128768
7102.04 465504 2.00 1.397232e-08 1.132224e-09 2.970262e-10 4128768
7102.63 465464 2.00 1.397080e-08 1.132597e-09 2.969208e-10 4128768
7103.23 465424 2.00 1.397089e-08 1.132974e-09 2.967127e-10 4128768
7103.82 465384 2.00 1.397127e-08 1.133667e-09 2.961989e-10 4128768
7104.42 465344 2.00 1.396947e-08 1.133712e-09 2.956554e-10 4128768
7105.01 465304 2.00 1.396997e-08 1.133878e-09 2.950386e-10 4128768
7105.61 465264 2.00 1.396596e-08 1.134376e-09 2.944324e-10 4128768
7106.20 465224 2.00 1.396611e-08 1.134507e-09 2.936855e-10 4128768
7106.79 465184 2.00 1.396644e-08 1.134543e-09 2.926731e-10 4128768
7107.39 465144 2.00 1.396567e-08 1.134464e-09 2.911907e-10 4128768
7107.98 465104 2.00 1.396195e-08 1.134217e-09 2.892103e-10 4128768
7108.58 465064 2.00 1.395521e-08 1.133321e-09 2.867640e-10 4128768
7109.17 465024 2.00 1.394630e-08 1.132765e-09 2.831152e-10 4128768
7109.77 464984 2.00 1.392854e-08 1.130706e-09 2.772076e-10 4128768
7110.37 464944 2.00 1.389828e-08 1.126474e-09 2.663034e-10 4128768
7110.96 464904 2.00 1.386342e-08 1.121409e-09 2.499371e-10 4128768
7111.56 464864 2.00 1.382548e-08 1.113315e-09 2.293992e-10 4128768
7112.15 464824 2.00 1.379168e-08 1.104222e-09 2.127819e-10 4128768
7112.75 464784 2.00 1.375503e-08 1.090097e-09 1.995900e-10 4128768
7113.34 464744 2.00 1.374209e-08 1.082411e-09 1.950288e-10 4128768
7113.94 464704 2.00 1.372379e-08 1.072430e-09 1.876090e-10 4128768
7114.54 464664 2.00 1.371424e-08 1.069556e-09 1.830527e-10 4128768
7115.13 464624 2.00 1.370953e-08 1.073505e-09 1.803288e-10 4128768
7115.73 464584 2.00 1.370978e-08 1.078067e-09 1.784418e-10 4128768
7116.33 464544 2.00 1.370496e-08 1.078639e-09 1.772455e-10 4128768
7116.92 464504 2.00 1.369725e-08 1.076893e-09 1.756131e-10 4128768
7117.52 464464 2.00 1.368634e-08 1.070947e-09 1.732850e-10 4128768
7118.12 464424 2.00 1.367105e-08 1.061142e-09 1.682948e-10 4128768
7118.71 464384 2.00 1.365468e-08 1.047693e-09 1.619516e-10 4128768
7119.31 464344 2.00 1.364123e-08 1.028600e-09 1.549778e-10 4128768
7119.91 464304 2.00 1.363160e-08 1.003916e-09 1.476780e-10 4128768
7120.50 464264 2.00 1.361831e-08 9.768992e-10 1.406416e-10 4128768
7121.10 464224 2.00 1.360884e-08 9.480208e-10 1.342136e-10 4128768
7121.70 464184 2.00 1.359626e-08 9.167886e-10 1.276307e-10 4128768
7122.30 464144 2.00 1.358071e-08 8.792958e-10 1.211696e-10 4128768
7122.89 464104 2.00 1.356664e-08 8.459220e-10 1.156990e-10 4128768
7123.49 464064 2.00 1.355406e-08 8.093614e-10 1.102805e-10 4128768
7124.09 464024 2.00 1.354106e-08 7.715205e-10 1.048917e-10 4128768
7124.69 463984 2.00 1.352390e-08 7.343400e-10 9.996000e-11 4128768
7125.28 463944 2.00 1.350686e-08 7.047069e-10 9.632965e-11 4128768
7125.88 463904 2.00 1.348439e-08 6.763924e-10 9.246930e-11 4128768
7126.48 463864 2.00 1.345776e-08 6.527870e-10 8.987324e-11 4128768
7127.08 463824 2.00 1.342571e-08 6.278846e-10 8.738379e-11 4128768
7127.68 463784 2.00 1.339164e-08 6.052762e-10 8.457909e-11 4128768
7128.28 463744 2.00 1.335215e-08 5.816582e-10 8.170153e-11 4128768
7128.87 463704 2.00 1.331592e-08 5.620877e-10 7.922679e-11 4128768
7129.47 463664 2.00 1.326965e-08 5.426187e-10 7.688361e-11 4128768
7130.07 463624 2.00 1.323006e-08 5.296094e-10 7.541725e-11 4128768
7130.67 463584 2.00 1.318566e-08 5.193492e-10 7.419297e-11 4128768
7131.27 463544 2.00 1.314724e-08 5.139019e-10 7.374472e-11 4128768
7131.87 463504 2.00 1.312142e-08 5.111681e-10 7.345593e-11 4128768
7132.47 463464 2.00 1.310654e-08 5.122005e-10 7.374886e-11 4128768
7133.07 463424 2.00 1.309800e-08 5.160590e-10 7.458076e-11 4128768
7133.67 463384 2.00 1.310083e-08 5.235226e-10 7.566774e-11 4128768
7134.27 463344 2.00 1.310864e-08 5.326743e-10 7.696740e-11 4128768
7134.87 463304 2.00 1.311235e-08 5.416507e-10 7.822476e-11 4128768
7135.47 463264 2.00 1.311893e-08 5.495303e-10 7.928404e-11 4128768
7136.07 463224 2.00 1.312120e-08 5.559685e-10 8.007917e-11 4128768
7136.67 463184 2.00 1.312354e-08 5.612033e-10 8.082003e-11 4128768
7137.27 463144 2.00 1.312494e-08 5.640990e-10 8.119039e-11 4128768
7137.87 463104 2.00 1.312937e-08 5.675355e-10 8.153424e-11 4128768
7138.47 463064 2.00 1.313422e-08 5.710108e-10 8.198403e-11 4128768
7139.07 463024 2.00 1.314217e-08 5.754544e-10 8.215963e-11 4128768
7139.67 462984 2.00 1.314965e-08 5.799923e-10 8.241605e-11 4128768
7140.27 462944 2.00 1.316260e-08 5.851865e-10 8.287114e-11 4128768
7140.87 462904 2.00 1.317058e-08 5.903429e-10 8.334307e-11 4128768
7141.47 462864 2.00 1.318293e-08 5.961888e-10 8.361017e-11 4128768
7142.07 462824 2.00 1.319218e-08 6.017206e-10 8.416418e-11 4128768
7142.67 462784 2.00 1.320233e-08 6.054670e-10 8.450952e-11 4128768
7143.27 462744 2.00 1.321081e-08 6.087098e-10 8.499862e-11 4128768
7143.87 462704 2.00 1.321825e-08 6.107849e-10 8.493342e-11 4128768
7144.48 462664 2.00 1.322638e-08 6.120489e-10 8.543309e-11 4128768
7145.08 462624 2.00 1.323476e-08 6.127742e-10 8.542866e-11 4128768
7145.68 462584 2.00 1.324461e-08 6.136966e-10 8.549825e-11 4128768
7146.28 462544 2.00 1.325537e-08 6.154397e-10 8.559222e-11 4128768
7146.88 462504 2.00 1.326428e-08 6.173367e-10 8.587912e-11 4128768
7147.48 462464 2.00 1.327575e-08 6.214956e-10 8.609773e-11 4128768
7148.09 462424 2.00 1.328306e-08 6.268020e-10 8.636004e-11 4128768
7148.69 462384 2.00 1.329235e-08 6.343145e-10 8.691919e-11 4128768
7149.29 462344 2.00 1.329727e-08 6.412948e-10 8.746403e-11 4128768
7149.89 462304 2.00 1.330331e-08 6.487805e-10 8.812776e-11 4128768
7150.49 462264 2.00 1.330855e-08 6.550243e-10 8.838494e-11 4128768
7151.10 462224 2.00 1.331347e-08 6.613330e-10 8.898916e-11 4128768
7151.70 462184 2.00 1.331945e-08 6.671820e-10 8.961024e-11 4128768
7152.30 462144 2.00 1.332258e-08 6.724738e-10 9.012075e-11 4128768
7152.91 462104 2.00 1.332820e-08 6.766440e-10 9.049785e-11 4128768
7153.51 462064 2.00 1.333330e-08 6.804958e-10 9.095640e-11 4128768
7154.11 462024 2.00 1.333683e-08 6.836805e-10 9.104687e-11 4128768
7154.71 461984 2.00 1.334385e-08 6.868022e-10 9.144365e-11 4128768
7155.32 461944 2.00 1.335027e-08 6.898028e-10 9.198849e-11 4128768
7155.92 461904 2.00 1.335548e-08 6.937128e-10 9.238906e-11 4128768
7156.52 461864 2.00 1.335968e-08 6.962216e-10 9.256348e-11 4128768
7157.13 461824 2.00 1.336509e-08 6.994428e-10 9.292308e-11 4128768
7157.73 461784 2.00 1.336929e-08 7.022011e-10 9.342356e-11 4128768
7158.34 461744 2.00 1.337421e-08 7.052354e-10 9.373883e-11 4128768
7158.94 461704 2.00 1.337880e-08 7.075019e-10 9.383442e-11 4128768
7159.54 461664 2.00 1.338044e-08 7.092122e-10 9.409758e-11 4128768
7160.15 461624 2.00 1.338206e-08 7.108438e-10 9.419436e-11 4128768
7160.75 461584 2.00 1.338356e-08 7.119042e-10 9.454147e-11 4128768
7161.36 461544 2.00 1.338250e-08 7.125646e-10 9.457521e-11 4128768
7161.96 461504 2.00 1.338182e-08 7.131852e-10 9.476806e-11 4128768
7162.57 461464 2.00 1.338094e-08 7.130055e-10 9.460024e-11 4128768
7163.17 461424 2.00 1.337791e-08 7.127086e-10 9.483401e-11 4128768
7163.77 461384 2.00 1.337483e-08 7.122428e-10 9.477145e-11 4128768
7164.38 461344 2.00 1.336761e-08 7.112396e-10 9.463383e-11 4128768
7164.98 461304 2.00 1.336227e-08 7.101941e-10 9.462459e-11 4128768
7165.59 461264 2.00 1.335310e-08 7.090504e-10 9.456155e-11 4128768
7166.19 461224 2.00 1.334409e-08 7.069406e-10 9.436350e-11 4128768
7166.80 461184 2.00 1.333416e-08 7.057228e-10 9.432737e-11 4128768
7167.41 461144 2.00 1.332135e-08 7.029681e-10 9.412554e-11 4128768
7168.01 461104 2.00 1.327551e-08 6.994901e-10 9.380916e-11 4128768
7168.62 461064 2.00 1.320622e-08 6.941310e-10 9.334027e-11 4128768
7169.22 461024 2.00 1.320024e-08 6.912592e-10 9.310233e-11 4128768
7169.83 460984 2.00 1.325386e-08 6.923785e-10 9.318746e-11 4128768
7170.43 460944 2.00 1.328461e-08 6.914887e-10 9.330806e-11 4128768
7171.04 460904 2.00 1.328765e-08 6.892800e-10 9.327316e-11 4128768
7171.65 460864 2.00 1.329092e-08 6.865105e-10 9.294009e-11 4128768
7172.25 460824 2.00 1.329164e-08 6.839686e-10 9.266653e-11 4128768
7172.86 460784 2.00 1.329203e-08 6.805792e-10 9.253743e-11 4128768
7173.47 460744 2.00 1.329346e-08 6.780574e-10 9.253201e-11 4128768
7174.07 460704 2.00 1.329367e-08 6.756444e-10 9.235242e-11 4128768
7174.68 460664 2.00 1.329346e-08 6.733991e-10 9.236324e-11 4128768
7175.28 460624 2.00 1.329281e-08 6.706888e-10 9.225112e-11 4128768
7175.89 460584 2.00 1.329190e-08 6.688151e-10 9.214712e-11 4128768
7176.50 460544 2.00 1.329168e-08 6.673694e-10 9.240217e-11 4128768
7177.11 460504 2.00 1.329067e-08 6.658625e-10 9.213784e-11 4128768
7177.71 460464 2.00 1.328870e-08 6.642301e-10 9.203689e-11 4128768
7178.32 460424 2.00 1.328829e-08 6.624126e-10 9.229488e-11 4128768
7178.93 460384 2.00 1.328846e-08 6.614712e-10 9.217452e-11 4128768
7179.54 460344 2.00 1.328721e-08 6.598792e-10 9.221265e-11 4128768
7180.14 460304 2.00 1.328937e-08 6.586890e-10 9.220871e-11 4128768
7180.75 460264 2.00 1.328976e-08 6.573993e-10 9.220150e-11 4128768
7181.36 460224 2.00 1.329109e-08 6.565788e-10 9.202514e-11 4128768
7181.97 460184 2.00 1.329115e-08 6.559193e-10 9.185248e-11 4128768
7182.57 460144 2.00 1.329609e-08 6.552361e-10 9.183780e-11 4128768
7183.18 460104 2.00 1.329792e-08 6.548789e-10 9.179889e-11 4128768
7183.79 460064 2.00 1.329885e-08 6.546786e-10 9.159213e-11 4128768
7184.40 460024 2.00 1.329980e-08 6.547213e-10 9.170333e-11 4128768
7185.01 459984 2.00 1.330313e-08 6.552757e-10 9.168730e-11 4128768
7185.62 459944 2.00 1.330532e-08 6.559812e-10 9.178566e-11 4128768
7186.23 459904 2.00 1.330767e-08 6.560903e-10 9.177040e-11 4128768
7186.83 459864 2.00 1.331149e-08 6.568590e-10 9.174173e-11 4128768
7187.44 459824 2.00 1.331316e-08 6.572452e-10 9.184347e-11 4128768
7188.05 459784 2.00 1.331632e-08 6.586369e-10 9.177897e-11 4128768
7188.66 459744 2.00 1.331854e-08 6.592683e-10 9.180675e-11 4128768
7189.27 459704 2.00 1.332051e-08 6.602798e-10 9.163269e-11 4128768
7189.88 459664 2.00 1.332323e-08 6.614483e-10 9.171072e-11 4128768
7190.49 459624 2.00 1.332945e-08 6.626718e-10 9.175810e-11 4128768
7191.10 459584 2.00 1.333009e-08 6.637796e-10 9.181637e-11 4128768
7191.71 459544 2.00 1.333403e-08 6.648084e-10 9.185333e-11 4128768
7193.05 459456 2.00 1.333840e-08 6.679212e-10 9.194365e-11 4128768
7194.88 459336 2.01 1.334545e-08 6.719901e-10 9.230420e-11 4128768
7196.71 459216 2.02 1.335712e-08 6.784760e-10 9.286977e-11 4128768
7198.67 459088 2.03 1.337015e-08 6.847649e-10 9.397877e-11 4128768
7200.50 458968 2.04 1.337892e-08 6.901487e-10 9.523252e-11 4128768
7202.46 458840 2.05 1.339030e-08 6.963179e-10 9.627353e-11 4128768
7204.41 458712 2.06 1.339824e-08 7.010872e-10 9.728912e-11 4128768
7206.37 458584 2.07 1.340802e-08 7.051515e-10 9.820796e-11 4128768
7208.33 458456 2.07 1.341958e-08 7.086135e-10 9.880562e-11 4128768
7210.42 458320 2.09 1.342422e-08 7.120311e-10 9.919230e-11 4128768
7212.38 458192 2.09 1.342726e-08 7.143458e-10 9.888678e-11 4128768
7214.46 458056 2.10 1.343249e-08 7.160941e-10 9.774284e-11 4128768
7216.55 457920 2.12 1.343931e-08 7.169328e-10 9.679642e-11 4128768
7218.64 457784 2.13 1.344535e-08 7.172235e-10 9.594574e-11 4128768
7220.73 457648 2.14 1.345535e-08 7.175429e-10 9.541420e-11 4128768
7222.82 457512 2.15 1.346404e-08 7.174529e-10 9.554375e-11 4128768
7224.91 457376 2.16 1.346937e-08 7.180511e-10 9.618399e-11 4128768
7227.13 457232 2.17 1.347010e-08 7.184983e-10 9.713330e-11 4128768
7229.35 457088 2.18 1.347533e-08 7.202487e-10 9.823824e-11 4128768
7231.57 456944 2.19 1.347879e-08 7.230994e-10 9.966696e-11 4128768
7233.79 456800 2.20 1.348113e-08 7.261745e-10 1.011537e-10 4128768
7236.01 456656 2.21 1.347952e-08 7.305888e-10 1.025554e-10 4128768
7238.36 456504 2.22 1.347806e-08 7.357382e-10 1.037824e-10 4128768
7240.59 456360 2.23 1.347859e-08 7.411287e-10 1.048492e-10 4128768
7242.94 456208 2.24 1.348168e-08 7.478215e-10 1.055296e-10 4128768
7245.29 456056 2.26 1.348959e-08 7.540943e-10 1.057695e-10 4128768
7247.64 455904 2.27 1.349988e-08 7.592189e-10 1.060643e-10 4128768
7250.00 455752 2.28 1.350724e-08 7.616240e-10 1.060508e-10 4128768
7252.35 455600 2.29 1.351328e-08 7.621285e-10 1.064686e-10 4128768
7254.84 455440 2.30 1.351434e-08 7.618226e-10 1.065379e-10 4128768
7257.20 455288 2.31 1.351867e-08 7.602223e-10 1.066555e-10 4128768
7259.68 455128 2.33 1.352241e-08 7.582422e-10 1.065481e-10 4128768
7262.17 454968 2.34 1.352430e-08 7.566900e-10 1.064064e-10 4128768
7264.66 454808 2.35 1.352873e-08 7.557688e-10 1.059649e-10 4128768
7267.15 454648 2.36 1.352672e-08 7.550343e-10 1.058642e-10 4128768
7269.77 454480 2.37 1.350486e-08 7.547039e-10 1.056225e-10 4128768
7272.27 454320 2.39 1.329135e-08 7.442285e-10 1.044697e-10 4128768
7274.89 454152 2.40 1.315194e-08 7.380175e-10 1.034305e-10 4128768
7277.51 453984 2.41 1.357583e-08 7.661561e-10 1.061774e-10 4128768
7280.14 453816 2.43 1.358944e-08 7.698986e-10 1.064743e-10 4128768
7282.77 453648 2.44 1.359260e-08 7.736239e-10 1.067775e-10 4128768
7285.39 453480 2.45 1.360041e-08 7.782530e-10 1.071296e-10 4128768
7288.15 453304 2.46 1.360758e-08 7.840335e-10 1.076596e-10 4128768
7290.79 453136 2.48 1.361706e-08 7.900199e-10 1.085567e-10 4128768
7293.55 452960 2.49 1.362673e-08 7.959338e-10 1.099409e-10 4128768
7296.31 452784 2.50 1.363816e-08 8.027202e-10 1.116918e-10 4128768
7299.08 452608 2.52 1.364690e-08 8.077959e-10 1.132752e-10 4128768
7301.84 452432 2.53 1.365405e-08 8.123083e-10 1.148449e-10 4128768
7304.61 452256 2.55 1.365734e-08 8.159987e-10 1.159531e-10 4128768
7307.51 452072 2.56 1.366207e-08 8.201531e-10 1.168653e-10 4128768
7310.41 451888 2.57 1.366751e-08 8.235765e-10 1.175368e-10 4128768
7313.19 451712 2.59 1.366899e-08 8.258947e-10 1.180808e-10 4128768
7316.10 451528 2.60 1.366911e-08 8.275544e-10 1.183842e-10 4128768
7319.00 451344 2.62 1.367250e-08 8.296825e-10 1.184267e-10 4128768
7321.91 451160 2.63 1.367688e-08 8.304953e-10 1.191725e-10 4128768
7324.95 450968 2.64 1.368049e-08 8.320198e-10 1.193187e-10 4128768
7327.87 450784 2.66 1.367951e-08 8.342751e-10 1.212121e-10 4128768
7330.91 450592 2.67 1.367692e-08 8.355616e-10 1.201971e-10 4128768
7333.96 450400 2.69 1.367758e-08 8.387309e-10 1.209043e-10 4128768
7337.01 450208 2.70 1.367790e-08 8.427216e-10 1.218821e-10 4128768
7340.06 450016 2.72 1.368371e-08 8.476842e-10 1.226573e-10 4128768
7343.12 449824 2.73 1.369579e-08 8.528773e-10 1.233312e-10 4128768
7346.17 449632 2.75 1.371042e-08 8.589405e-10 1.238141e-10 4128768
7349.36 449432 2.76 1.371763e-08 8.647341e-10 1.239769e-10 4128768
7352.42 449240 2.78 1.373059e-08 8.703524e-10 1.243110e-10 4128768
7355.62 449040 2.79 1.374422e-08 8.747477e-10 1.248176e-10 4128768
7358.81 448840 2.81 1.375393e-08 8.788675e-10 1.249004e-10 4128768
7362.01 448640 2.83 1.376230e-08 8.828224e-10 1.250717e-10 4128768
7365.22 448440 2.84 1.377027e-08 8.861326e-10 1.255894e-10 4128768
7368.42 448240 2.86 1.378171e-08 8.896666e-10 1.263732e-10 4128768
7371.76 448032 2.87 1.378946e-08 8.934589e-10 1.273309e-10 4128768
7374.97 447832 2.89 1.374980e-08 8.939831e-10 1.285982e-10 4128768
7378.31 447624 2.91 1.382750e-08 9.029292e-10 1.310095e-10 4128768
7381.66 447416 2.92 1.383648e-08 9.073667e-10 1.329421e-10 4128768
7385.00 447208 2.94 1.384045e-08 9.107711e-10 1.342534e-10 4128768
7388.36 447000 2.95 1.384804e-08 9.148874e-10 1.354817e-10 4128768
7391.71 446792 2.97 1.385770e-08 9.186013e-10 1.360501e-10 4128768
7395.20 446576 2.99 1.386622e-08 9.223501e-10 1.367341e-10 4128768
7398.56 446368 3.00 1.387302e-08 9.273414e-10 1.371793e-10 4128768
7402.05 446152 3.02 1.388160e-08 9.316935e-10 1.381919e-10 4128768
7405.55 445936 3.04 1.388895e-08 9.369353e-10 1.386865e-10 4128768
7409.05 445720 3.06 1.389754e-08 9.419547e-10 1.393038e-10 4128768
7412.56 445504 3.07 1.390552e-08 9.472776e-10 1.406157e-10 4128768
7416.07 445288 3.09 1.391152e-08 9.515486e-10 1.414893e-10 4128768
7419.58 445072 3.11 1.391829e-08 9.570157e-10 1.426442e-10 4128768
7423.22 444848 3.12 1.392612e-08 9.629840e-10 1.437890e-10 4128768
7426.74 444632 3.14 1.393062e-08 9.681718e-10 1.449448e-10 4128768
7430.39 444408 3.16 1.393758e-08 9.738772e-10 1.458814e-10 4128768
7434.05 444184 3.18 1.394579e-08 9.782455e-10 1.468406e-10 4128768
7437.71 443960 3.20 1.394802e-08 9.824745e-10 1.473992e-10 4128768
7441.37 443736 3.21 1.395576e-08 9.869684e-10 1.478516e-10 4128768
7445.04 443512 3.23 1.396633e-08 9.914054e-10 1.481611e-10 4128768
7448.84 443280 3.25 1.397486e-08 9.962594e-10 1.487752e-10 4128768
7452.52 443056 3.27 1.398496e-08 1.000956e-09 1.495059e-10 4128768
7456.33 442824 3.29 1.399133e-08 1.005840e-09 1.498830e-10 4128768
7460.14 442592 3.30 1.399895e-08 1.010869e-09 1.521124e-10 4128768
7463.96 442360 3.32 1.400798e-08 1.016403e-09 1.531260e-10 4128768
7467.78 442128 3.34 1.401087e-08 1.021862e-09 1.543386e-10 4128768
7471.61 441896 3.36 1.401585e-08 1.027172e-09 1.561399e-10 4128768
7475.44 441664 3.38 1.402364e-08 1.032624e-09 1.576323e-10 4128768
7479.27 441432 3.40 1.403032e-08 1.038545e-09 1.591929e-10 4128768
7483.24 441192 3.42 1.403572e-08 1.044089e-09 1.607330e-10 4128768
7487.09 440960 3.44 1.404005e-08 1.048337e-09 1.619513e-10 4128768
7491.07 440720 3.46 1.404360e-08 1.053360e-09 1.634063e-10 4128768
7495.05 440480 3.48 1.404688e-08 1.058281e-09 1.645651e-10 4128768
7499.04 440240 3.49 1.405374e-08 1.063502e-09 1.656653e-10 4128768
7503.03 440000 3.51 1.405742e-08 1.068951e-09 1.667925e-10 4128768
7507.03 439760 3.53 1.403625e-08 1.072861e-09 1.676856e-10 4128768
7511.16 439512 3.55 1.406555e-08 1.079721e-09 1.692391e-10 4128768
7515.17 439272 3.57 1.409488e-08 1.086851e-09 1.703388e-10 4128768
7519.32 439024 3.59 1.410312e-08 1.092631e-09 1.716536e-10 4128768
7523.46 438776 3.61 1.411030e-08 1.098650e-09 1.729478e-10 4128768
7527.48 438536 3.63 1.411904e-08 1.103888e-09 1.742105e-10 4128768
7531.64 438288 3.65 1.412773e-08 1.110340e-09 1.752863e-10 4128768
7535.94 438032 3.67 1.413719e-08 1.116256e-09 1.768496e-10 4128768
7540.11 437784 3.70 1.414125e-08 1.121409e-09 1.779283e-10 4128768
7544.28 437536 3.72 1.413941e-08 1.126167e-09 1.790807e-10 4128768
7548.46 437288 3.74 1.413757e-08 1.132089e-09 1.802469e-10 4128768
7552.78 437032 3.76 1.413355e-08 1.137373e-09 1.814345e-10 4128768
7557.10 436776 3.78 1.392738e-08 1.127727e-09 1.805680e-10 4128768
7561.29 436528 3.80 1.417826e-08 1.153200e-09 1.844559e-10 4128768
7565.63 436272 3.82 1.418445e-08 1.158533e-09 1.856060e-10 4128768
7569.96 436016 3.84 1.419273e-08 1.165244e-09 1.870040e-10 4128768
7574.44 435752 3.86 1.420151e-08 1.171382e-09 1.889015e-10 4128768
7578.79 435496 3.88 1.420521e-08 1.177328e-09 1.906280e-10 4128768
7583.15 435240 3.91 1.420360e-08 1.182987e-09 1.924630e-10 4128768
7587.64 434976 3.93 1.419170e-08 1.188141e-09 1.939442e-10 4128768
7592.01 434720 3.95 1.418181e-08 1.192687e-09 1.952868e-10 4128768
7596.51 434456 3.97 1.400980e-08 1.181977e-09 1.938312e-10 4128768
7601.02 434192 3.99 1.421372e-08 1.206497e-09 1.984985e-10 4128768
7605.54 433928 4.01 1.421283e-08 1.211966e-09 1.999267e-10 4128768
7610.06 433664 4.04 1.415848e-08 1.213338e-09 2.009277e-10 4128768
7614.59 433400 4.06 1.420701e-08 1.224207e-09 2.032677e-10 4128768
7619.13 433136 4.08 1.421773e-08 1.231222e-09 2.050620e-10 4128768
7623.67 432872 4.10 1.407579e-08 1.224493e-09 2.042553e-10 4128768
7628.35 432600 4.13 1.422207e-08 1.243686e-09 2.079356e-10 4128768
7632.90 432336 4.15 1.422969e-08 1.251422e-09 2.100881e-10 4128768
7637.59 432064 4.17 1.423722e-08 1.258554e-09 2.123231e-10 4128768
7642.29 431792 4.19 1.424522e-08 1.266480e-09 2.144882e-10 4128768
7647.00 431520 4.22 1.424699e-08 1.272511e-09 2.163818e-10 4128768
7651.71 431248 4.24 1.424669e-08 1.278700e-09 2.179851e-10 4128768
7656.43 430976 4.26 1.424213e-08 1.284444e-09 2.197180e-10 4128768
7661.16 430704 4.29 1.425592e-08 1.292467e-09 2.217886e-10 4128768
7665.89 430432 4.31 1.425872e-08 1.299200e-09 2.234471e-10 4128768
7670.77 430152 4.33 1.426118e-08 1.307151e-09 2.254833e-10 4128768
7675.51 429880 4.36 1.426073e-08 1.312543e-09 2.267561e-10 4128768
7680.40 429600 4.38 1.426177e-08 1.318134e-09 2.283429e-10 4128768
7685.29 429320 4.40 1.426136e-08 1.324794e-09 2.300190e-10 4128768
7690.05 429048 4.43 1.426174e-08 1.331179e-09 2.318594e-10 4128768
7694.96 428768 4.45 1.426467e-08 1.338317e-09 2.343045e-10 4128768
7699.88 428488 4.48 1.427083e-08 1.346250e-09 2.364560e-10 4128768
7704.80 428208 4.50 1.428141e-08 1.353048e-09 2.385127e-10 4128768
7709.87 427920 4.52 1.429281e-08 1.360497e-09 2.406568e-10 4128768
7714.80 427640 4.55 1.430312e-08 1.368639e-09 2.428184e-10 4128768
7719.74 427360 4.57 1.430556e-08 1.375753e-09 2.446806e-10 4128768
7724.83 427072 4.60 1.431268e-08 1.384345e-09 2.465629e-10 4128768
7729.93 426784 4.62 1.431876e-08 1.392707e-09 2.491291e-10 4128768
7734.89 426504 4.65 1.432591e-08 1.400034e-09 2.513398e-10 4128768
7740.00 426216 4.67 1.433380e-08 1.407528e-09 2.536754e-10 4128768
7745.12 425928 4.70 1.434867e-08 1.417046e-09 2.564613e-10 4128768
7750.24 425640 4.72 1.436093e-08 1.425536e-09 2.587624e-10 4128768
7755.37 425352 4.75 1.435965e-08 1.432838e-09 2.613195e-10 4128768
7760.51 425064 4.77 1.435961e-08 1.439477e-09 2.633796e-10 4128768
7765.80 424768 4.80 1.436880e-08 1.447459e-09 2.658397e-10 4128768
7770.95 424480 4.82 1.437474e-08 1.455669e-09 2.682632e-10 4128768
7776.25 424184 4.85 1.437164e-08 1.462867e-09 2.708779e-10 4128768
7781.42 423896 4.87 1.436938e-08 1.471065e-09 2.737205e-10 4128768
7786.73 423600 4.90 1.436947e-08 1.478824e-09 2.765247e-10 4128768
7792.06 423304 4.93 1.437795e-08 1.486283e-09 2.789642e-10 4128768
7797.25 423016 4.95 1.439135e-08 1.494715e-09 2.813698e-10 4128768
7802.59 422720 4.98 1.439839e-08 1.503808e-09 2.842562e-10 4128768
7807.93 422424 5.00 1.440558e-08 1.512759e-09 2.870823e-10 4128768
7813.29 422128 5.03 1.440893e-08 1.522284e-09 2.900607e-10 4128768
7818.80 421824 5.06 1.441550e-08 1.530144e-09 2.926416e-10 4128768
7824.17 421528 5.08 1.441711e-08 1.537875e-09 2.949329e-10 4128768
7829.54 421232 5.11 1.442402e-08 1.547299e-09 2.978128e-10 4128768
7835.08 420928 5.14 1.442692e-08 1.555774e-09 3.003047e-10 4128768
7840.47 420632 5.16 1.442740e-08 1.564528e-09 3.030857e-10 4128768
7846.02 420328 5.19 1.443071e-08 1.573325e-09 3.060636e-10 4128768
7851.57 420024 5.22 1.443422e-08 1.581902e-09 3.088124e-10 4128768
7857.14 419720 5.24 1.443985e-08 1.590984e-09 3.116655e-10 4128768
7862.71 419416 5.27 1.444327e-08 1.599847e-09 3.147634e-10 4128768
7868.29 419112 5.30 1.444301e-08 1.608797e-09 3.180618e-10 4128768
7873.87 418808 5.33 1.444190e-08 1.617495e-09 3.209736e-10 4128768
7879.47 418504 5.35 1.444550e-08 1.626036e-09 3.242026e-10 4128768
7885.08 418200 5.38 1.444420e-08 1.633794e-09 3.270093e-10 4128768
7890.69 417896 5.41 1.444114e-08 1.641743e-09 3.301162e-10 4128768
7896.46 417584 5.44 1.443759e-08 1.650961e-09 3.333313e-10 4128768
7902.09 417280 5.46 1.444062e-08 1.660748e-09 3.369713e-10 4128768
7907.87 416968 5.49 1.444286e-08 1.668933e-09 3.398838e-10 4128768
7913.67 416656 5.52 1.443376e-08 1.676163e-09 3.426336e-10 4128768
7919.32 416352 5.55 1.444197e-08 1.685479e-09 3.458404e-10 4128768
7925.14 416040 5.58 1.444713e-08 1.694767e-09 3.489494e-10 4128768
7930.96 415728 5.60 1.443913e-08 1.703380e-09 3.521252e-10 4128768
7936.79 415416 5.63 1.442195e-08 1.709080e-09 3.544583e-10 4128768
7942.63 415104 5.66 1.425947e-08 1.697121e-09 3.532699e-10 4128768
7948.47 414792 5.69 1.322233e-08 1.586012e-09 3.332973e-10 4128768
7954.33 414480 5.72 1.417807e-08 1.704664e-09 3.566290e-10 4128768
7960.35 414160 5.75 1.446465e-08 1.752341e-09 3.688872e-10 4128768
7966.22 413848 5.78 1.446674e-08 1.761080e-09 3.732446e-10 4128768
7972.26 413528 5.81 1.447174e-08 1.770944e-09 3.771660e-10 4128768
7978.15 413216 5.83 1.448261e-08 1.781284e-09 3.799100e-10 4128768
7984.20 412896 5.86 1.448890e-08 1.792025e-09 3.837634e-10 4128768
7990.11 412584 5.89 1.449845e-08 1.803034e-09 3.879481e-10 4128768
7996.19 412264 5.92 1.450714e-08 1.813446e-09 3.918801e-10 4128768
8002.27 411944 5.95 1.451191e-08 1.822819e-09 3.957170e-10 4128768
8008.36 411624 5.98 1.451772e-08 1.833753e-09 3.996619e-10 4128768
