9359.03 351224 1.00 6.236675e-09 6.736135e-10 8.613272e-10 1007
9369.12 350840 1.00 6.238744e-09 6.732823e-10 8.609584e-10 906
9379.02 350464 1.00 6.235094e-09 6.757692e-10 8.663349e-10 951
9389.15 350080 1.00 6.225505e-09 6.800300e-10 8.763903e-10 973
9399.09 349704 1.00 6.223726e-09 6.843834e-10 8.884891e-10 981
9409.06 349328 1.00 6.219349e-09 6.891805e-10 8.995136e-10 1028
9419.04 348952 1.00 6.219873e-09 6.937831e-10 9.126483e-10 981
9429.05 348576 1.00 6.213507e-09 6.980820e-10 9.241320e-10 1060
9439.08 348200 1.00 6.211029e-09 7.030507e-10 9.354593e-10 1032
9449.13 347824 1.00 6.184551e-09 7.047051e-10 9.440358e-10 1078
9458.99 347456 1.00 6.200718e-09 7.118172e-10 9.605715e-10 1006
9469.09 347080 1.00 6.197939e-09 7.170110e-10 9.731537e-10 1092
9478.99 346712 1.00 6.191271e-09 7.209083e-10 9.843395e-10 1138
9489.13 346336 1.00 6.186847e-09 7.247867e-10 9.958091e-10 1126
9499.08 345968 1.00 6.178412e-09 7.297117e-10 1.008635e-09 1115
9509.04 345600 1.00 6.170994e-09 7.332885e-10 1.021593e-09 1105
9519.03 345232 1.00 6.161962e-09 7.374404e-10 1.032859e-09 1138
9529.04 344864 1.00 6.170776e-09 7.432555e-10 1.047465e-09 1163
9539.07 344496 1.00 6.158049e-09 7.465267e-10 1.058697e-09 1195
9549.12 344128 1.00 6.148579e-09 7.507457e-10 1.071401e-09 1250
9559.20 343760 1.00 6.127458e-09 7.535735e-10 1.080559e-09 1342
9569.07 343400 1.00 5.218002e-09 6.449322e-10 9.301843e-10 1176
9579.19 343032 1.00 6.146200e-09 7.647276e-10 1.108153e-09 1368
9589.11 342672 1.00 6.142732e-09 7.688518e-10 1.119967e-09 1391
9599.05 342312 1.00 6.138719e-09 7.724165e-10 1.130702e-09 1426
9609.01 341952 1.00 6.132467e-09 7.752622e-10 1.139998e-09 1614
9618.99 341592 1.00 6.127298e-09 7.765504e-10 1.145322e-09 1674
9628.99 341232 1.00 6.125900e-09 7.766430e-10 1.145474e-09 1896
9630.10 341192 1.00 6.124688e-09 7.759938e-10 1.145016e-09 1867
9630.55 341176 1.00 6.127230e-09 7.764173e-10 1.145206e-09 1876
9630.99 341160 1.00 6.125704e-09 7.754404e-10 1.144261e-09 1928
9631.44 341144 1.00 6.124085e-09 7.754801e-10 1.143704e-09 2058
9631.88 341128 1.00 6.123509e-09 7.753074e-10 1.144000e-09 1944
9632.33 341112 1.00 6.124622e-09 7.751934e-10 1.143040e-09 1987
9632.77 341096 1.00 6.122610e-09 7.749889e-10 1.143060e-09 1985
9633.22 341080 1.00 6.126030e-09 7.748182e-10 1.141808e-09 1972
9633.67 341064 1.00 6.124258e-09 7.744581e-10 1.141390e-09 1992
9634.11 341048 1.00 6.125738e-09 7.737873e-10 1.139540e-09 2078
9634.56 341032 1.00 6.125779e-09 7.730574e-10 1.140253e-09 2042
9635.00 341016 1.00 6.123989e-09 7.730279e-10 1.138307e-09 2131
9635.45 341000 1.00 6.124731e-09 7.729883e-10 1.137831e-09 2160
9635.89 340984 1.00 6.123875e-09 7.727218e-10 1.136396e-09 2204
9636.34 340968 1.00 6.122823e-09 7.720716e-10 1.136518e-09 2227
9636.78 340952 1.00 6.121809e-09 7.717748e-10 1.135009e-09 2179
9637.23 340936 1.00 6.119982e-09 7.713269e-10 1.133171e-09 2341
9637.68 340920 1.00 6.117972e-09 7.698561e-10 1.130059e-09 2312
9638.12 340904 1.00 6.118955e-09 7.691642e-10 1.129270e-09 2301
9638.57 340888 1.00 6.114708e-09 7.671640e-10 1.126257e-09 2267
9639.01 340872 1.00 6.115700e-09 7.678608e-10 1.126125e-09 2335
9639.46 340856 1.00 6.112964e-09 7.660358e-10 1.123217e-09 2356
9639.91 340840 1.00 6.112054e-09 7.665483e-10 1.121158e-09 2344
9640.35 340824 1.00 6.112602e-09 7.655596e-10 1.120332e-09 2495
9640.80 340808 1.00 6.112105e-09 7.651119e-10 1.119735e-09 2428
9641.24 340792 1.00 6.111497e-09 7.639029e-10 1.117963e-09 2396
9641.69 340776 1.00 6.112118e-09 7.641123e-10 1.116429e-09 2445
9642.14 340760 1.00 6.111508e-09 7.626677e-10 1.113923e-09 2600
9642.58 340744 1.00 6.110471e-09 7.619485e-10 1.111173e-09 2488
9643.03 340728 1.00 6.110028e-09 7.607671e-10 1.108117e-09 2610
9643.48 340712 1.00 6.110139e-09 7.596868e-10 1.105328e-09 2646
9643.92 340696 1.00 6.112528e-09 7.593267e-10 1.104295e-09 2756
9644.37 340680 1.00 6.111338e-09 7.573157e-10 1.099976e-09 2772
9644.82 340664 1.00 6.108071e-09 7.560670e-10 1.095716e-09 2788
9645.26 340648 1.00 6.111571e-09 7.545899e-10 1.091411e-09 2815
9645.71 340632 1.00 6.108881e-09 7.535893e-10 1.088498e-09 2914
9646.16 340616 1.00 6.109451e-09 7.512426e-10 1.081897e-09 3044
9646.60 340600 1.00 6.110858e-09 7.499381e-10 1.078807e-09 3024
9647.05 340584 1.00 6.109703e-09 7.477110e-10 1.073512e-09 3195
9647.50 340568 1.00 6.109961e-09 7.457677e-10 1.068045e-09 3324
9647.94 340552 1.00 6.109465e-09 7.420548e-10 1.059248e-09 3373
9648.39 340536 1.00 6.115083e-09 7.427193e-10 1.059309e-09 3382
9648.84 340520 1.00 6.115272e-09 7.391495e-10 1.049424e-09 3509
9649.28 340504 1.00 6.117335e-09 7.368115e-10 1.043551e-09 3570
9649.73 340488 1.00 6.117554e-09 7.325153e-10 1.031373e-09 3748
9650.18 340472 1.00 6.116589e-09 7.307179e-10 1.025091e-09 3936
9650.62 340456 1.00 6.117256e-09 7.260753e-10 1.012072e-09 4057
9651.07 340440 1.00 6.119308e-09 7.225851e-10 1.003999e-09 4172
9651.52 340424 1.00 6.117089e-09 7.170806e-10 9.868688e-10 4491
9651.97 340408 1.00 6.117388e-09 7.124406e-10 9.742509e-10 4670
9652.41 340392 1.00 6.116232e-09 7.049757e-10 9.521710e-10 5010
9652.86 340376 1.00 6.115939e-09 6.992009e-10 9.373714e-10 5217
9653.31 340360 1.00 6.114869e-09 6.877350e-10 9.037307e-10 5882
9653.75 340344 1.00 6.116063e-09 6.881802e-10 9.027514e-10 5812
9654.20 340328 1.00 6.116653e-09 6.789738e-10 8.751989e-10 6010
9654.65 340312 1.00 6.115464e-09 6.707424e-10 8.469286e-10 6662
9655.10 340296 1.00 6.113597e-09 6.557832e-10 7.992890e-10 7515
9655.54 340280 1.00 6.113275e-09 6.404507e-10 7.486707e-10 8504
9655.99 340264 1.00 6.112341e-09 6.211484e-10 6.831651e-10 9646
9656.44 340248 1.00 6.110340e-09 6.051242e-10 6.283278e-10 10717
9656.89 340232 1.00 6.111048e-09 5.738892e-10 5.331358e-10 12467
9657.34 340216 1.00 6.109609e-09 5.392136e-10 4.457036e-10 13803
9657.78 340200 1.00 6.110659e-09 4.861718e-10 3.477119e-10 14508
9658.23 340184 1.00 6.111818e-09 4.534917e-10 3.013058e-10 14885
9658.68 340168 1.00 6.111135e-09 3.884714e-10 2.300872e-10 13787
9659.13 340152 1.00 6.111228e-09 3.275068e-10 1.788545e-10 12676
9659.57 340136 1.00 6.109404e-09 2.420063e-10 1.213307e-10 9465
9660.02 340120 1.00 6.108239e-09 1.907015e-10 9.112570e-11 7960
9660.47 340104 1.00 6.106247e-09 1.310641e-10 5.968041e-11 5349
9660.92 340088 1.00 6.104425e-09 9.241268e-11 4.131881e-11 3895
9661.37 340072 1.00 6.099169e-09 5.738845e-11 2.548203e-11 2482
9661.81 340056 1.00 6.093662e-09 3.539249e-11 1.627411e-11 1528
9662.26 340040 1.00 6.086655e-09 1.919441e-11 9.549996e-12 839
9662.71 340024 1.00 6.081749e-09 1.335524e-11 7.168692e-12 575
9663.16 340008 1.00 6.060711e-09 7.905315e-12 4.908385e-12 364
9663.61 339992 1.00 6.036222e-09 6.131969e-12 4.259918e-12 254
9664.06 339976 1.00 5.990039e-09 5.443559e-12 4.025411e-12 258
9664.50 339960 1.00 5.955983e-09 5.965748e-12 3.798956e-12 242
9664.95 339944 1.00 5.948237e-09 6.835970e-12 4.437727e-12 305
9665.40 339928 1.00 5.971029e-09 7.841789e-12 4.366683e-12 343
9665.85 339912 1.00 6.021390e-09 8.789631e-12 4.436479e-12 400
9666.30 339896 1.00 6.064720e-09 9.971102e-12 4.706934e-12 457
9666.75 339880 1.00 6.084099e-09 1.054672e-11 4.928967e-12 458
9667.20 339864 1.00 6.085163e-09 1.066550e-11 5.152588e-12 509
9667.64 339848 1.00 6.083411e-09 1.112023e-11 4.999670e-12 521
9668.09 339832 1.00 6.083522e-09 1.137683e-11 5.156216e-12 523
9668.54 339816 1.00 6.082836e-09 1.156940e-11 5.096853e-12 527
9668.99 339800 1.00 6.083325e-09 1.184509e-11 5.297512e-12 540
9669.44 339784 1.00 6.082439e-09 1.186412e-11 5.245914e-12 547
9669.89 339768 1.00 6.083094e-09 1.199306e-11 5.684596e-12 513
9670.34 339752 1.00 6.082254e-09 1.248052e-11 5.632206e-12 553
9670.79 339736 1.00 6.084127e-09 1.262893e-11 5.893248e-12 558
9671.23 339720 1.00 6.083903e-09 1.296786e-11 6.112731e-12 660
9671.68 339704 1.00 6.085251e-09 1.323146e-11 6.250793e-12 600
9672.13 339688 1.00 6.083571e-09 1.340700e-11 6.243988e-12 592
9672.58 339672 1.00 6.084484e-09 1.313131e-11 6.322007e-12 557
9673.03 339656 1.00 6.083423e-09 1.335618e-11 6.350526e-12 570
9673.48 339640 1.00 6.084786e-09 1.337754e-11 6.342703e-12 606
9673.93 339624 1.00 6.084115e-09 1.333365e-11 6.202600e-12 628
9674.38 339608 1.00 6.083343e-09 1.339862e-11 6.630847e-12 564
9674.83 339592 1.00 6.085146e-09 1.353116e-11 6.312766e-12 620
9675.28 339576 1.00 6.084170e-09 1.401424e-11 6.608621e-12 640
9675.73 339560 1.00 6.083662e-09 1.465355e-11 6.795785e-12 629
9676.18 339544 1.00 6.083495e-09 1.515710e-11 7.261739e-12 651
9676.63 339528 1.00 6.083840e-09 1.565011e-11 7.223920e-12 704
9677.08 339512 1.00 6.081058e-09 1.622400e-11 7.245693e-12 736
9677.53 339496 1.00 6.081381e-09 1.668289e-11 7.707564e-12 771
9677.98 339480 1.00 6.081411e-09 1.695785e-11 7.677626e-12 779
9678.43 339464 1.00 6.080457e-09 1.754296e-11 7.786942e-12 794
9678.87 339448 1.00 6.080958e-09 1.798071e-11 8.232425e-12 819
9679.32 339432 1.00 6.080159e-09 1.825273e-11 8.283229e-12 755
9679.77 339416 1.00 6.079119e-09 1.884382e-11 8.368448e-12 851
9680.22 339400 1.00 6.078257e-09 1.921605e-11 9.149024e-12 848
9680.67 339384 1.00 6.077763e-09 1.969013e-11 8.850446e-12 871
9681.12 339368 1.00 6.075781e-09 2.023962e-11 8.946777e-12 843
9681.57 339352 1.00 6.074203e-09 2.084631e-11 9.189791e-12 898
9682.02 339336 1.00 6.075935e-09 2.102313e-11 9.601027e-12 894
9682.47 339320 1.00 6.075088e-09 2.145721e-11 9.687891e-12 956
9682.92 339304 1.00 6.073449e-09 2.189673e-11 9.836953e-12 914
9683.37 339288 1.00 6.074000e-09 2.243912e-11 1.001317e-11 993
9683.82 339272 1.00 6.071685e-09 2.313558e-11 1.023685e-11 1023
9684.28 339256 1.00 6.071773e-09 2.379802e-11 1.070116e-11 1098
9684.73 339240 1.00 6.072686e-09 2.475662e-11 1.082391e-11 1086
9685.18 339224 1.00 6.070284e-09 2.575612e-11 1.105525e-11 1105
9685.63 339208 1.00 6.069749e-09 2.645057e-11 1.155272e-11 1171
9686.08 339192 1.00 6.068059e-09 2.710648e-11 1.181530e-11 1168
9686.53 339176 1.00 6.069109e-09 2.729961e-11 1.155630e-11 1174
9686.98 339160 1.00 6.070265e-09 2.812983e-11 1.224207e-11 1240
9687.43 339144 1.00 6.068297e-09 2.843242e-11 1.216485e-11 1270
9687.88 339128 1.00 6.067149e-09 2.888920e-11 1.238994e-11 1271
9688.33 339112 1.00 6.066665e-09 3.001397e-11 1.279296e-11 1278
9688.78 339096 1.00 6.066766e-09 3.136106e-11 1.310724e-11 1397
9689.23 339080 1.00 6.064695e-09 3.243201e-11 1.356225e-11 1501
9689.68 339064 1.00 6.066806e-09 3.371817e-11 1.410390e-11 1532
9690.13 339048 1.00 6.065028e-09 3.514770e-11 1.462014e-11 1636
9690.58 339032 1.00 6.063638e-09 3.624429e-11 1.496844e-11 1617
9691.03 339016 1.00 6.063991e-09 3.736618e-11 1.542918e-11 1688
9691.48 339000 1.00 6.062798e-09 3.806019e-11 1.533245e-11 1768
9691.94 338984 1.00 6.060591e-09 3.901102e-11 1.570769e-11 1831
9692.39 338968 1.00 6.059122e-09 3.976923e-11 1.580884e-11 1883
9692.84 338952 1.00 6.058010e-09 4.009458e-11 1.590194e-11 1862
9693.29 338936 1.00 6.057690e-09 4.030445e-11 1.598511e-11 1891
9693.74 338920 1.00 6.057106e-09 4.032970e-11 1.607589e-11 1796
9694.19 338904 1.00 6.053500e-09 4.008226e-11 1.606795e-11 1894
9694.64 338888 1.00 6.050653e-09 4.046369e-11 1.585527e-11 1905
9695.09 338872 1.00 6.047191e-09 3.997878e-11 1.596175e-11 1852
9695.55 338856 1.00 6.032958e-09 3.929254e-11 1.550403e-11 1784
9696.00 338840 1.00 6.027488e-09 3.900637e-11 1.548299e-11 1823
9696.45 338824 1.00 6.024491e-09 3.842265e-11 1.543780e-11 1789
9696.90 338808 1.00 6.028470e-09 3.811195e-11 1.531924e-11 1795
9697.35 338792 1.00 6.040549e-09 3.727158e-11 1.496459e-11 1771
9697.80 338776 1.00 6.048066e-09 3.649357e-11 1.486542e-11 1668
9698.25 338760 1.00 6.050889e-09 3.565647e-11 1.415527e-11 1630
9698.71 338744 1.00 6.052508e-09 3.537096e-11 1.442175e-11 1603
9699.16 338728 1.00 6.050091e-09 3.408929e-11 1.383271e-11 1613
9699.61 338712 1.00 6.050743e-09 3.377959e-11 1.375786e-11 1504
9700.06 338696 1.00 6.050117e-09 3.261488e-11 1.330971e-11 1498
9700.51 338680 1.00 6.047390e-09 3.175242e-11 1.302452e-11 1489
9700.96 338664 1.00 6.047225e-09 3.077833e-11 1.261991e-11 1352
9701.42 338648 1.00 6.047621e-09 2.967575e-11 1.215436e-11 1319
9701.87 338632 1.00 6.047152e-09 2.897664e-11 1.195024e-11 1343
9702.32 338616 1.00 6.045035e-09 2.820944e-11 1.173410e-11 1303
9702.77 338600 1.00 6.042758e-09 2.762339e-11 1.170593e-11 1349
9703.22 338584 1.00 6.043571e-09 2.706953e-11 1.131362e-11 1198
9703.68 338568 1.00 6.041796e-09 2.659827e-11 1.125551e-11 1216
9704.13 338552 1.00 6.041063e-09 2.606376e-11 1.091225e-11 1196
9704.58 338536 1.00 6.042162e-09 2.542573e-11 1.092246e-11 1116
9705.03 338520 1.00 6.041708e-09 2.494781e-11 1.070558e-11 1131
9705.49 338504 1.00 6.038682e-09 2.461393e-11 1.043581e-11 1083
9705.94 338488 1.00 6.039706e-09 2.396801e-11 1.014074e-11 1173
9706.39 338472 1.00 6.039437e-09 2.352411e-11 1.010009e-11 1080
9706.84 338456 1.00 6.039332e-09 2.334890e-11 9.894445e-12 1103
9707.29 338440 1.00 6.036724e-09 2.317108e-11 9.904198e-12 1014
9707.75 338424 1.00 6.037007e-09 2.292918e-11 9.811779e-12 1021
9708.20 338408 1.00 6.037214e-09 2.298711e-11 9.726898e-12 983
9708.65 338392 1.00 6.037027e-09 2.255031e-11 9.766759e-12 1044
9709.11 338376 1.00 6.037867e-09 2.267674e-11 9.544894e-12 1012
9709.56 338360 1.00 6.035943e-09 2.249144e-11 9.509458e-12 1027
9710.01 338344 1.00 6.034099e-09 2.202972e-11 9.554081e-12 1018
9710.46 338328 1.00 6.034673e-09 2.204726e-11 9.370489e-12 999
9710.92 338312 1.00 6.035756e-09 2.178333e-11 9.186898e-12 1018
9711.37 338296 1.00 6.035528e-09 2.148274e-11 9.245977e-12 934
9711.82 338280 1.00 6.032801e-09 2.143464e-11 9.069532e-12 1031
9712.27 338264 1.00 6.033042e-09 2.156030e-11 8.797545e-12 960
9712.73 338248 1.00 6.032570e-09 2.121870e-11 8.771009e-12 999
9713.18 338232 1.00 6.032249e-09 2.106691e-11 9.166770e-12 939
9713.63 338216 1.00 6.030776e-09 2.096715e-11 8.866493e-12 956
9714.09 338200 1.00 6.030569e-09 2.078417e-11 8.798282e-12 894
9714.54 338184 1.00 6.030730e-09 2.046449e-11 8.889454e-12 995
9714.99 338168 1.00 6.030195e-09 2.038703e-11 8.833775e-12 990
9715.45 338152 1.00 6.030301e-09 2.021532e-11 8.480710e-12 991
9715.90 338136 1.00 6.031199e-09 2.000577e-11 8.473226e-12 954
9716.35 338120 1.00 6.029858e-09 1.987705e-11 8.437619e-12 927
9716.81 338104 1.00 6.028159e-09 1.969857e-11 8.434557e-12 929
9717.26 338088 1.00 6.029725e-09 1.938493e-11 8.537239e-12 864
9717.71 338072 1.00 6.027949e-09 1.942172e-11 8.373549e-12 905
9718.17 338056 1.00 6.026192e-09 1.900273e-11 8.319799e-12 825
9718.62 338040 1.00 6.028086e-09 1.920684e-11 8.385796e-12 864
9719.07 338024 1.00 6.026922e-09 1.876787e-11 8.213998e-12 897
9719.53 338008 1.00 6.025934e-09 1.883905e-11 8.152990e-12 813
9719.98 337992 1.00 6.025235e-09 1.858667e-11 8.038232e-12 852
9720.43 337976 1.00 6.025827e-09 1.831681e-11 8.202035e-12 805
9720.89 337960 1.00 6.022611e-09 1.843820e-11 8.018104e-12 889
9721.34 337944 1.00 6.019203e-09 1.838133e-11 7.772483e-12 793
9721.80 337928 1.00 6.013719e-09 1.827731e-11 7.832698e-12 824
9722.25 337912 1.00 5.997851e-09 1.823326e-11 7.903232e-12 832
9722.70 337896 1.00 5.979159e-09 1.808068e-11 7.642473e-12 842
9723.16 337880 1.00 5.966229e-09 1.796029e-11 8.054618e-12 839
9723.61 337864 1.00 5.971416e-09 1.794875e-11 7.990945e-12 800
9724.07 337848 1.00 5.992403e-09 1.799441e-11 7.727238e-12 859
9724.52 337832 1.00 6.013356e-09 1.810620e-11 7.779570e-12 867
9724.97 337816 1.00 6.025592e-09 1.822676e-11 8.133429e-12 813
9725.43 337800 1.00 6.028310e-09 1.846212e-11 8.113642e-12 847
9725.88 337784 1.00 6.026417e-09 1.818959e-11 8.075767e-12 851
9726.34 337768 1.00 6.026596e-09 1.839637e-11 8.094931e-12 852
9726.79 337752 1.00 6.024728e-09 1.846550e-11 8.100941e-12 910
9727.25 337736 1.00 6.025344e-09 1.854345e-11 8.223751e-12 859
9727.70 337720 1.00 6.024019e-09 1.863427e-11 7.953467e-12 881
9728.15 337704 1.00 6.022449e-09 1.877114e-11 8.284191e-12 809
9728.61 337688 1.00 6.022022e-09 1.878518e-11 7.997691e-12 851
9729.06 337672 1.00 6.022799e-09 1.870828e-11 8.350473e-12 823
9729.52 337656 1.00 6.023303e-09 1.920329e-11 8.109217e-12 880
9729.97 337640 1.00 6.023454e-09 1.919397e-11 8.110523e-12 894
9730.43 337624 1.00 6.021691e-09 1.909937e-11 8.077411e-12 876
9730.88 337608 1.00 6.020808e-09 1.915540e-11 8.244617e-12 902
9731.34 337592 1.00 6.021496e-09 1.921310e-11 8.344917e-12 882
9731.79 337576 1.00 6.021973e-09 1.947259e-11 8.301144e-12 849
9732.25 337560 1.00 6.020947e-09 1.942576e-11 8.335448e-12 953
9732.70 337544 1.00 6.017979e-09 1.939802e-11 8.333521e-12 896
9733.16 337528 1.00 6.019131e-09 1.952419e-11 8.464098e-12 920
9733.61 337512 1.00 6.019851e-09 1.958433e-11 8.163254e-12 945
9734.07 337496 1.00 6.018896e-09 1.972664e-11 8.491824e-12 937
9734.52 337480 1.00 6.018490e-09 2.007589e-11 8.397137e-12 947
9734.98 337464 1.00 6.021209e-09 2.005398e-11 8.432347e-12 909
9735.43 337448 1.00 6.019693e-09 2.034654e-11 8.501406e-12 938
9735.89 337432 1.00 6.023344e-09 2.050593e-11 8.595072e-12 949
9736.34 337416 1.00 6.027447e-09 2.055620e-11 8.820169e-12 1020
9736.80 337400 1.00 6.029792e-09 2.096615e-11 8.761993e-12 979
9737.25 337384 1.00 6.015673e-09 2.109892e-11 8.872729e-12 1012
9737.71 337368 1.00 6.001256e-09 2.113231e-11 8.897732e-12 1054
9738.16 337352 1.00 5.993245e-09 2.141771e-11 8.964975e-12 988
9738.62 337336 1.00 5.999675e-09 2.150332e-11 9.034887e-12 1017
9739.07 337320 1.00 6.021426e-09 2.184298e-11 9.085406e-12 1024
9740.21 337280 1.00 6.058143e-09 2.247657e-11 9.697472e-12 1047
9742.04 337216 1.01 6.063382e-09 2.336499e-11 9.757061e-12 1101
9743.86 337152 1.01 6.067836e-09 2.423050e-11 1.019291e-11 1128
9745.68 337088 1.02 6.073375e-09 2.529379e-11 1.052256e-11 1252
9747.51 337024 1.03 6.077003e-09 2.570219e-11 1.078519e-11 1221
9749.56 336952 1.04 6.081696e-09 2.629960e-11 1.132410e-11 1240
9751.39 336888 1.04 6.089175e-09 2.682090e-11 1.141762e-11 1265
9753.44 336816 1.05 6.095482e-09 2.704134e-11 1.172342e-11 1214
9755.50 336744 1.06 6.103014e-09 2.706084e-11 1.169157e-11 1283
9757.33 336680 1.06 6.112275e-09 2.727361e-11 1.176215e-11 1352
9759.39 336608 1.07 6.124389e-09 2.723267e-11 1.191787e-11 1352
9761.45 336536 1.08 6.135689e-09 2.704896e-11 1.164924e-11 1348
9763.51 336464 1.09 6.147691e-09 2.701199e-11 1.181872e-11 1357
9765.57 336392 1.09 6.157915e-09 2.681130e-11 1.163512e-11 1348
9767.63 336320 1.10 6.166293e-09 2.676886e-11 1.156735e-11 1362
9769.92 336240 1.11 6.173420e-09 2.669222e-11 1.113702e-11 1432
9771.98 336168 1.12 6.179500e-09 2.627313e-11 1.110253e-11 1371
9774.28 336088 1.13 6.185312e-09 2.622519e-11 1.088203e-11 1382
9776.34 336016 1.13 6.188606e-09 2.588505e-11 1.119678e-11 1442
9778.64 335936 1.14 6.183558e-09 2.578641e-11 1.095352e-11 1426
9780.93 335856 1.15 6.190415e-09 2.560818e-11 1.072899e-11 1367
9783.00 335784 1.16 6.191001e-09 2.565112e-11 1.087615e-11 1444
9785.30 335704 1.17 6.187245e-09 2.532032e-11 1.048488e-11 1380
9787.60 335624 1.17 6.186676e-09 2.500831e-11 1.065512e-11 1382
9789.90 335544 1.18 6.185877e-09 2.470843e-11 1.050548e-11 1415
9792.21 335464 1.19 6.184941e-09 2.473230e-11 1.089787e-11 1313
9794.74 335376 1.20 6.182422e-09 2.438192e-11 1.048103e-11 1386
9797.04 335296 1.21 6.178711e-09 2.408364e-11 1.045111e-11 1488
9799.35 335216 1.22 6.177043e-09 2.403098e-11 1.043891e-11 1397
9801.89 335128 1.23 6.172861e-09 2.392612e-11 1.036325e-11 1370
9804.20 335048 1.24 6.171059e-09 2.384881e-11 1.061255e-11 1435
9806.74 334960 1.24 6.170450e-09 2.378512e-11 1.036696e-11 1386
9809.28 334872 1.25 6.166099e-09 2.404090e-11 1.058966e-11 1398
9811.82 334784 1.26 6.165821e-09 2.425535e-11 1.076053e-11 1495
9814.13 334704 1.27 6.163523e-09 2.445703e-11 1.101094e-11 1488
9816.68 334616 1.28 6.161817e-09 2.498177e-11 1.124731e-11 1527
9819.46 334520 1.29 6.160579e-09 2.543898e-11 1.122299e-11 1638
9822.01 334432 1.30 6.159725e-09 2.605636e-11 1.130082e-11 1711
9824.56 334344 1.31 6.156260e-09 2.634849e-11 1.138807e-11 1633
9827.11 334256 1.32 6.153859e-09 2.665325e-11 1.177934e-11 1674
9829.89 334160 1.33 6.152832e-09 2.728378e-11 1.210214e-11 1747
9832.45 334072 1.34 6.151493e-09 2.762903e-11 1.198141e-11 1775
9835.23 333976 1.35 6.147044e-09 2.801913e-11 1.212442e-11 1894
9837.79 333888 1.36 6.147232e-09 2.818968e-11 1.249234e-11 1824
9840.58 333792 1.37 6.143013e-09 2.850931e-11 1.223712e-11 1851
9843.37 333696 1.38 6.140926e-09 2.862272e-11 1.249479e-11 1966
9846.17 333600 1.39 6.137689e-09 2.888924e-11 1.254223e-11 1975
9848.96 333504 1.40 6.135637e-09 2.914770e-11 1.275704e-11 2018
9851.76 333408 1.41 6.133373e-09 2.907791e-11 1.278166e-11 2034
9854.56 333312 1.42 6.126965e-09 2.904371e-11 1.282133e-11 2006
9857.36 333216 1.43 6.124429e-09 2.923757e-11 1.285097e-11 2034
9860.39 333112 1.44 6.120512e-09 2.905213e-11 1.296229e-11 2043
9863.20 333016 1.45 6.118394e-09 2.889530e-11 1.294576e-11 2051
9866.00 332920 1.46 6.114962e-09 2.897181e-11 1.281799e-11 2097
9869.04 332816 1.47 6.111343e-09 2.883999e-11 1.276651e-11 2094
9872.09 332712 1.48 6.108662e-09 2.859099e-11 1.273185e-11 2049
9874.90 332616 1.49 6.104843e-09 2.875396e-11 1.275710e-11 2085
9877.94 332512 1.51 6.101486e-09 2.861603e-11 1.289919e-11 1974
9880.99 332408 1.52 6.096402e-09 2.845362e-11 1.301724e-11 2151
9884.04 332304 1.53 6.095311e-09 2.845122e-11 1.295442e-11 2187
9887.10 332200 1.54 6.091252e-09 2.861244e-11 1.295932e-11 2073
9890.15 332096 1.55 6.090988e-09 2.871013e-11 1.308995e-11 2113
9893.21 331992 1.56 6.087143e-09 2.869254e-11 1.319522e-11 2142
9896.26 331888 1.57 6.081335e-09 2.887027e-11 1.329509e-11 2222
9899.56 331776 1.58 6.072065e-09 2.922599e-11 1.318436e-11 2264
9902.62 331672 1.60 6.076389e-09 2.945602e-11 1.322377e-11 2381
9905.92 331560 1.61 6.073133e-09 2.985969e-11 1.356310e-11 2397
9908.99 331456 1.62 6.071400e-09 3.004218e-11 1.366928e-11 2366
9912.29 331344 1.63 6.067800e-09 3.014483e-11 1.382909e-11 2461
9915.60 331232 1.64 6.064728e-09 3.066938e-11 1.405319e-11 2523
9918.67 331128 1.65 6.062380e-09 3.076685e-11 1.402294e-11 2428
9921.98 331016 1.67 6.058154e-09 3.118022e-11 1.433874e-11 2630
9925.30 330904 1.68 6.054128e-09 3.141727e-11 1.445951e-11 2541
9928.61 330792 1.69 6.050486e-09 3.167026e-11 1.467968e-11 2615
9932.17 330672 1.70 6.047468e-09 3.183604e-11 1.461193e-11 2768
9935.49 330560 1.72 6.041060e-09 3.214759e-11 1.467293e-11 2733
9938.81 330448 1.73 5.990492e-09 3.205159e-11 1.459873e-11 2754
9942.13 330336 1.74 6.043551e-09 3.272337e-11 1.506790e-11 2816
9945.70 330216 1.75 6.040065e-09 3.264315e-11 1.505621e-11 2895
9949.03 330104 1.77 6.033892e-09 3.295405e-11 1.506945e-11 2946
9952.60 329984 1.78 5.986896e-09 3.297118e-11 1.518596e-11 2974
9956.17 329864 1.79 6.026909e-09 3.331662e-11 1.561769e-11 3068
9959.50 329752 1.80 6.023921e-09 3.360942e-11 1.581256e-11 3102
9963.08 329632 1.82 6.019571e-09 3.376509e-11 1.590593e-11 3018
9966.66 329512 1.83 6.014717e-09 3.387001e-11 1.575986e-11 3190
9970.24 329392 1.84 6.010006e-09 3.396446e-11 1.613642e-11 3264
9973.83 329272 1.86 6.006438e-09 3.428091e-11 1.636111e-11 3205
9977.42 329152 1.87 6.004679e-09 3.437649e-11 1.626608e-11 3232
9981.01 329032 1.88 5.999947e-09 3.441315e-11 1.642934e-11 3255
9984.84 328904 1.90 5.995604e-09 3.463429e-11 1.663139e-11 3462
9988.44 328784 1.91 5.990623e-09 3.471697e-11 1.658042e-11 3293
9992.03 328664 1.92 5.983750e-09 3.481784e-11 1.672761e-11 3368
9995.88 328536 1.94 5.831958e-09 3.412936e-11 1.649897e-11 3352
9999.48 328416 1.95 5.980453e-09 3.513799e-11 1.692437e-11 3501
10003.33 328288 1.96 5.978094e-09 3.534616e-11 1.696085e-11 3547
10007.18 328160 1.98 5.973009e-09 3.551452e-11 1.709160e-11 3635
10011.03 328032 1.99 5.969404e-09 3.580649e-11 1.729840e-11 3664
10014.89 327904 2.01 5.965559e-09 3.631520e-11 1.761167e-11 3740
10018.51 327784 2.02 5.962063e-09 3.632732e-11 1.769618e-11 3830
10022.37 327656 2.03 5.957904e-09 3.648394e-11 1.767894e-11 3866
10026.47 327520 2.05 5.956489e-09 3.660105e-11 1.770852e-11 3818
10030.34 327392 2.06 5.954645e-09 3.684732e-11 1.799919e-11 3884
10034.21 327264 2.08 5.950495e-09 3.707995e-11 1.822907e-11 4033
10038.09 327136 2.09 5.945627e-09 3.751671e-11 1.843093e-11 4034
10042.21 327000 2.11 5.942539e-09 3.774101e-11 1.860841e-11 4107
10046.09 326872 2.12 5.938589e-09 3.798918e-11 1.863108e-11 4102
10050.22 326736 2.14 5.932567e-09 3.846118e-11 1.888770e-11 4200
10054.10 326608 2.15 5.929269e-09 3.861100e-11 1.904923e-11 4250
10058.24 326472 2.17 5.924190e-09 3.896612e-11 1.931388e-11 4382
10062.37 326336 2.18 5.921629e-09 3.934620e-11 1.950020e-11 4496
10066.27 326208 2.20 5.916614e-09 3.945931e-11 1.967259e-11 4426
10070.41 326072 2.21 5.914144e-09 3.980380e-11 2.000645e-11 4456
10074.56 325936 2.23 5.908958e-09 4.002376e-11 1.998402e-11 4652
10078.71 325800 2.24 5.907663e-09 4.039219e-11 2.026772e-11 4731
10082.87 325664 2.26 5.902369e-09 4.060598e-11 2.053592e-11 4685
10087.02 325528 2.27 5.898991e-09 4.082409e-11 2.057180e-11 4809
10091.43 325384 2.29 5.894177e-09 4.103943e-11 2.069071e-11 4890
10095.59 325248 2.30 5.889949e-09 4.131830e-11 2.089532e-11 5042
10099.76 325112 2.32 5.886163e-09 4.145671e-11 2.098796e-11 5064
10104.18 324968 2.33 5.881676e-09 4.177019e-11 2.133319e-11 4989
10108.36 324832 2.35 5.878038e-09 4.192639e-11 2.150895e-11 5312
10112.78 324688 2.37 5.874170e-09 4.225221e-11 2.176522e-11 5221
10116.96 324552 2.38 5.870604e-09 4.235491e-11 2.169155e-11 5527
10121.40 324408 2.40 5.865861e-09 4.254442e-11 2.187027e-11 5489
10125.83 324264 2.41 5.861540e-09 4.285073e-11 2.208172e-11 5395
10130.27 324120 2.43 5.856108e-09 4.318275e-11 2.235719e-11 5544
10134.72 323976 2.45 5.852826e-09 4.341903e-11 2.236160e-11 5522
10139.17 323832 2.46 5.846675e-09 4.368127e-11 2.276626e-11 5655
10143.62 323688 2.48 5.842148e-09 4.390427e-11 2.292478e-11 5907
10148.08 323544 2.49 5.837153e-09 4.415715e-11 2.316133e-11 5829
10152.54 323400 2.51 5.806993e-09 4.416439e-11 2.310583e-11 5949
10157.00 323256 2.53 5.828093e-09 4.482828e-11 2.347324e-11 6119
10161.72 323104 2.54 5.822379e-09 4.512484e-11 2.383691e-11 6180
10166.19 322960 2.56 5.817895e-09 4.535466e-11 2.394534e-11 6307
10170.67 322816 2.58 5.810773e-09 4.556647e-11 2.404802e-11 6378
10175.40 322664 2.59 5.805211e-09 4.598411e-11 2.449051e-11 6417
10179.88 322520 2.61 5.804536e-09 4.610600e-11 2.464440e-11 6711
10184.62 322368 2.63 5.801773e-09 4.666453e-11 2.494100e-11 6628
10189.36 322216 2.65 5.797666e-09 4.681922e-11 2.513060e-11 6686
10194.11 322064 2.66 5.792973e-09 4.710477e-11 2.539185e-11 6768
10198.61 321920 2.68 5.787745e-09 4.744030e-11 2.568297e-11 6858
10203.37 321768 2.70 5.780598e-09 4.777901e-11 2.584201e-11 6968
10208.13 321616 2.71 5.775798e-09 4.801112e-11 2.603119e-11 7087
10212.90 321464 2.73 5.760371e-09 4.833769e-11 2.627765e-11 7184
10217.67 321312 2.75 5.765846e-09 4.858821e-11 2.647273e-11 7314
10222.69 321152 2.77 5.758288e-09 4.891942e-11 2.669421e-11 7365
10227.47 321000 2.79 5.754237e-09 4.926502e-11 2.713151e-11 7558
10232.26 320848 2.80 5.749087e-09 4.963112e-11 2.718685e-11 7744
10237.05 320696 2.82 5.743959e-09 4.980676e-11 2.739874e-11 7846
10242.09 320536 2.84 5.737494e-09 5.018126e-11 2.771813e-11 7723
10246.89 320384 2.86 5.731285e-09 5.056926e-11 2.802185e-11 8031
10251.94 320224 2.88 5.724701e-09 5.079010e-11 2.814347e-11 7866
10256.75 320072 2.89 5.721560e-09 5.114403e-11 2.851066e-11 7994
10261.82 319912 2.91 5.715547e-09 5.140979e-11 2.888990e-11 8427
10266.89 319752 2.93 5.710448e-09 5.180734e-11 2.911631e-11 8539
10271.96 319592 2.95 5.705051e-09 5.207757e-11 2.936521e-11 8474
10277.04 319432 2.97 5.700026e-09 5.238426e-11 2.951249e-11 8544
10281.87 319280 2.98 5.695247e-09 5.280864e-11 2.984630e-11 8824
10286.97 319120 3.00 5.690159e-09 5.306969e-11 3.015765e-11 8807
10292.06 318960 3.02 5.684890e-09 5.329905e-11 3.039866e-11 8995
10297.42 318792 3.04 5.680294e-09 5.371769e-11 3.069142e-11 9105
10302.52 318632 3.06 5.674268e-09 5.405025e-11 3.105679e-11 9283
10307.64 318472 3.08 5.667737e-09 5.433086e-11 3.131488e-11 9325
10312.75 318312 3.10 5.659623e-09 5.469717e-11 3.148591e-11 9386
10318.13 318144 3.12 5.653573e-09 5.503622e-11 3.181778e-11 9554
10323.26 317984 3.14 5.648130e-09 5.544523e-11 3.196697e-11 9722
10328.39 317824 3.16 5.641284e-09 5.573176e-11 3.252788e-11 9842
10333.78 317656 3.18 5.635987e-09 5.597808e-11 3.263647e-11 9869
10338.93 317496 3.19 5.620473e-09 5.628216e-11 3.318574e-11 10131
10344.33 317328 3.21 5.472057e-09 5.514621e-11 3.238559e-11 10039
10349.75 317160 3.23 5.631630e-09 5.714925e-11 3.370162e-11 10428
10355.16 316992 3.25 5.624127e-09 5.756398e-11 3.399497e-11 10861
10360.33 316832 3.27 5.618399e-09 5.793594e-11 3.421026e-11 10898
10365.76 316664 3.29 5.613523e-09 5.829830e-11 3.463414e-11 10987
10371.19 316496 3.31 5.609273e-09 5.855529e-11 3.493908e-11 11055
10376.63 316328 3.33 5.601961e-09 5.901241e-11 3.532712e-11 11051
10382.08 316160 3.35 5.596568e-09 5.940532e-11 3.559902e-11 11453
10387.53 315992 3.37 5.591713e-09 5.963206e-11 3.594193e-11 11522
10392.99 315824 3.39 5.587287e-09 6.001515e-11 3.636741e-11 11558
10398.71 315648 3.41 5.583872e-09 6.055247e-11 3.669898e-11 11936
10404.18 315480 3.43 5.579205e-09 6.091843e-11 3.720649e-11 12052
10409.66 315312 3.45 5.572646e-09 6.128807e-11 3.738418e-11 12242
10415.40 315136 3.47 5.568022e-09 6.171828e-11 3.792657e-11 12289
10420.89 314968 3.49 5.561084e-09 6.206246e-11 3.814158e-11 12693
10426.38 314800 3.51 5.525024e-09 6.207550e-11 3.820834e-11 12727
10432.14 314624 3.54 5.553031e-09 6.293877e-11 3.897669e-11 12980
10437.91 314448 3.56 5.546747e-09 6.325695e-11 3.941711e-11 13295
10443.42 314280 3.58 5.540349e-09 6.372179e-11 3.965553e-11 13487
10449.20 314104 3.60 5.532911e-09 6.402083e-11 3.998893e-11 13678
10454.99 313928 3.62 5.528508e-09 6.456086e-11 4.034905e-11 13586
10460.78 313752 3.64 5.521705e-09 6.494962e-11 4.083697e-11 13840
10466.32 313584 3.66 5.515050e-09 6.519412e-11 4.121426e-11 14144
10472.13 313408 3.68 5.507995e-09 6.578975e-11 4.161667e-11 14554
10477.94 313232 3.70 5.502199e-09 6.613318e-11 4.191632e-11 14572
10483.76 313056 3.72 5.495427e-09 6.649716e-11 4.243221e-11 14747
10489.59 312880 3.75 5.488801e-09 6.699766e-11 4.279223e-11 14630
10495.69 312696 3.77 5.482967e-09 6.730565e-11 4.336990e-11 15173
10501.53 312520 3.79 5.474367e-09 6.785665e-11 4.387788e-11 15421
10507.37 312344 3.81 5.465632e-09 6.825723e-11 4.385440e-11 15592
10513.23 312168 3.83 5.455150e-09 6.834242e-11 4.432474e-11 15577
10519.35 311984 3.85 5.270685e-09 6.657391e-11 4.337911e-11 15418
10525.22 311808 3.88 5.456633e-09 6.956299e-11 4.533561e-11 15962
10531.09 311632 3.90 5.441950e-09 6.975531e-11 4.576207e-11 16441
10537.24 311448 3.92 5.444988e-09 7.050811e-11 4.640744e-11 16838
10543.13 311272 3.94 5.439103e-09 7.097934e-11 4.678346e-11 17114
10549.29 311088 3.96 5.434226e-09 7.133814e-11 4.721167e-11 17086
10555.46 310904 3.99 5.427568e-09 7.175899e-11 4.764526e-11 17069
