9359.03 351224 1.00 6.308252e-09 6.804048e-10 8.682962e-10 991
9369.12 350840 1.00 6.308868e-09 6.800887e-10 8.677892e-10 958
9379.02 350464 1.00 6.307482e-09 6.827339e-10 8.737661e-10 907
9389.15 350080 1.00 6.297690e-09 6.859341e-10 8.831410e-10 1002
9399.09 349704 1.00 6.296353e-09 6.911574e-10 8.959183e-10 983
9409.06 349328 1.00 6.294864e-09 6.967672e-10 9.067804e-10 971
9419.04 348952 1.00 6.291431e-09 7.007095e-10 9.203663e-10 952
9429.05 348576 1.00 6.286338e-09 7.054165e-10 9.312728e-10 1050
9439.08 348200 1.00 6.284006e-09 7.104580e-10 9.440636e-10 1056
9449.13 347824 1.00 6.257427e-09 7.125852e-10 9.527084e-10 1012
9458.99 347456 1.00 6.271700e-09 7.189851e-10 9.686519e-10 1067
9469.09 347080 1.00 6.269198e-09 7.243892e-10 9.823199e-10 1075
9478.99 346712 1.00 6.264080e-09 7.291664e-10 9.944610e-10 1065
9489.13 346336 1.00 6.258787e-09 7.332369e-10 1.005530e-09 1086
9499.08 345968 1.00 6.249465e-09 7.377681e-10 1.018228e-09 1075
9509.04 345600 1.00 6.244138e-09 7.418252e-10 1.031487e-09 1078
9519.03 345232 1.00 6.235413e-09 7.456682e-10 1.043870e-09 1166
9529.04 344864 1.00 6.251137e-09 7.529410e-10 1.059024e-09 1189
9539.07 344496 1.00 6.234651e-09 7.556532e-10 1.069952e-09 1256
9549.12 344128 1.00 6.224270e-09 7.602661e-10 1.083113e-09 1265
9559.20 343760 1.00 6.203237e-09 7.622898e-10 1.093096e-09 1268
9569.07 343400 1.00 5.281561e-09 6.524787e-10 9.398180e-10 1152
9579.19 343032 1.00 6.228781e-09 7.748894e-10 1.122523e-09 1357
9589.11 342672 1.00 6.221870e-09 7.792695e-10 1.133841e-09 1379
9599.05 342312 1.00 6.218998e-09 7.817271e-10 1.145486e-09 1462
9609.01 341952 1.00 6.211707e-09 7.850521e-10 1.152598e-09 1490
9618.99 341592 1.00 6.206194e-09 7.867703e-10 1.159893e-09 1675
9628.99 341232 1.00 6.205725e-09 7.868979e-10 1.158856e-09 1938
9630.10 341192 1.00 6.203793e-09 7.853687e-10 1.157812e-09 1997
9630.55 341176 1.00 6.205403e-09 7.855779e-10 1.157787e-09 1956
9630.99 341160 1.00 6.204898e-09 7.852067e-10 1.157705e-09 1992
9631.44 341144 1.00 6.205388e-09 7.852505e-10 1.157030e-09 1996
9631.88 341128 1.00 6.203283e-09 7.855359e-10 1.156684e-09 2075
9632.33 341112 1.00 6.203451e-09 7.842944e-10 1.155773e-09 2007
9632.77 341096 1.00 6.205212e-09 7.839542e-10 1.155640e-09 2111
9633.22 341080 1.00 6.205142e-09 7.839031e-10 1.153877e-09 2023
9633.67 341064 1.00 6.205077e-09 7.836440e-10 1.153996e-09 2072
9634.11 341048 1.00 6.205711e-09 7.829274e-10 1.152767e-09 2070
9634.56 341032 1.00 6.204166e-09 7.826944e-10 1.152674e-09 2123
9635.00 341016 1.00 6.203243e-09 7.821668e-10 1.150871e-09 2216
9635.45 341000 1.00 6.204606e-09 7.829014e-10 1.150601e-09 2202
9635.89 340984 1.00 6.203395e-09 7.820850e-10 1.149385e-09 2184
9636.34 340968 1.00 6.199435e-09 7.814878e-10 1.148403e-09 2226
9636.78 340952 1.00 6.199683e-09 7.811798e-10 1.147350e-09 2190
9637.23 340936 1.00 6.200108e-09 7.809551e-10 1.146489e-09 2309
9637.68 340920 1.00 6.200215e-09 7.798315e-10 1.143800e-09 2238
9638.12 340904 1.00 6.197411e-09 7.786586e-10 1.142390e-09 2288
9638.57 340888 1.00 6.198709e-09 7.789159e-10 1.141125e-09 2336
9639.01 340872 1.00 6.198309e-09 7.781721e-10 1.140420e-09 2363
9639.46 340856 1.00 6.197171e-09 7.776059e-10 1.138156e-09 2405
9639.91 340840 1.00 6.198309e-09 7.772038e-10 1.136681e-09 2399
9640.35 340824 1.00 6.198374e-09 7.761522e-10 1.135441e-09 2441
9640.80 340808 1.00 6.196555e-09 7.758074e-10 1.133949e-09 2458
9641.24 340792 1.00 6.195759e-09 7.744915e-10 1.130706e-09 2664
9641.69 340776 1.00 6.195353e-09 7.736445e-10 1.128763e-09 2569
9642.14 340760 1.00 6.194848e-09 7.727752e-10 1.125468e-09 2589
9642.58 340744 1.00 6.194184e-09 7.720170e-10 1.123663e-09 2712
9643.03 340728 1.00 6.193163e-09 7.700046e-10 1.120743e-09 2715
9643.48 340712 1.00 6.195030e-09 7.699738e-10 1.117782e-09 2813
9643.92 340696 1.00 6.192654e-09 7.680238e-10 1.113233e-09 2781
9644.37 340680 1.00 6.193746e-09 7.667456e-10 1.109240e-09 2896
9644.82 340664 1.00 6.192496e-09 7.648615e-10 1.106028e-09 2990
9645.26 340648 1.00 6.193266e-09 7.635744e-10 1.101450e-09 2936
9645.71 340632 1.00 6.191446e-09 7.622593e-10 1.097015e-09 3112
9646.16 340616 1.00 6.193695e-09 7.593307e-10 1.090721e-09 3158
9646.60 340600 1.00 6.192785e-09 7.584588e-10 1.088181e-09 3117
9647.05 340584 1.00 6.193589e-09 7.561518e-10 1.080416e-09 3338
9647.50 340568 1.00 6.192866e-09 7.545965e-10 1.076061e-09 3351
9647.94 340552 1.00 6.192652e-09 7.512115e-10 1.067185e-09 3395
9648.39 340536 1.00 6.192475e-09 7.492043e-10 1.061686e-09 3592
9648.84 340520 1.00 6.192681e-09 7.456633e-10 1.053372e-09 3814
9649.28 340504 1.00 6.192900e-09 7.433993e-10 1.046149e-09 3910
9649.73 340488 1.00 6.191281e-09 7.381129e-10 1.032256e-09 4096
9650.18 340472 1.00 6.190942e-09 7.370515e-10 1.028685e-09 4022
9650.62 340456 1.00 6.190739e-09 7.315708e-10 1.012835e-09 4377
9651.07 340440 1.00 6.191093e-09 7.269819e-10 1.002643e-09 4401
9651.52 340424 1.00 6.190901e-09 7.214523e-10 9.852698e-10 4698
9651.97 340408 1.00 6.190881e-09 7.183970e-10 9.749779e-10 4734
9652.41 340392 1.00 6.190140e-09 7.120648e-10 9.579552e-10 5173
9652.86 340376 1.00 6.189192e-09 7.100211e-10 9.515616e-10 5135
9653.31 340360 1.00 6.189163e-09 7.011834e-10 9.253720e-10 5486
9653.75 340344 1.00 6.188885e-09 6.947996e-10 9.077748e-10 5838
9654.20 340328 1.00 6.189863e-09 6.833789e-10 8.714678e-10 6391
9654.65 340312 1.00 6.185708e-09 6.728435e-10 8.368785e-10 6888
9655.10 340296 1.00 6.186925e-09 6.575016e-10 7.867606e-10 7980
9655.54 340280 1.00 6.188733e-09 6.411649e-10 7.335443e-10 8844
9655.99 340264 1.00 6.186809e-09 6.204834e-10 6.619779e-10 10173
9656.44 340248 1.00 6.185134e-09 5.983153e-10 5.899864e-10 11635
9656.89 340232 1.00 6.184520e-09 5.666376e-10 5.031421e-10 13142
9657.34 340216 1.00 6.184769e-09 5.239713e-10 4.078132e-10 14405
9657.78 340200 1.00 6.182986e-09 4.718166e-10 3.216261e-10 14594
9658.23 340184 1.00 6.180995e-09 4.174034e-10 2.563512e-10 14362
9658.68 340168 1.00 6.178986e-09 3.435428e-10 1.903397e-10 12783
9659.13 340152 1.00 6.178480e-09 2.776494e-10 1.427477e-10 10940
9659.57 340136 1.00 6.176377e-09 2.031261e-10 9.767220e-11 8286
9660.02 340120 1.00 6.172068e-09 1.558164e-10 7.204575e-11 6543
9660.47 340104 1.00 6.169871e-09 1.129098e-10 5.067962e-11 4781
9660.92 340088 1.00 6.169251e-09 8.777518e-11 3.873005e-11 3789
9661.37 340072 1.00 6.164866e-09 6.446853e-11 2.855768e-11 2779
9661.81 340056 1.00 6.162163e-09 4.649079e-11 2.080539e-11 2058
9662.26 340040 1.00 6.156312e-09 2.512813e-11 1.198143e-11 1081
9662.71 340024 1.00 6.149163e-09 1.451035e-11 7.594505e-12 620
9663.16 340008 1.00 6.128989e-09 7.516836e-12 4.901867e-12 338
9663.61 339992 1.00 6.090058e-09 5.943833e-12 4.119306e-12 243
9664.06 339976 1.00 6.039810e-09 5.705374e-12 4.075987e-12 227
9664.50 339960 1.00 6.016626e-09 6.187617e-12 4.082848e-12 276
9664.95 339944 1.00 6.014170e-09 7.401878e-12 4.220513e-12 322
9665.40 339928 1.00 6.048972e-09 8.141942e-12 4.546363e-12 361
9665.85 339912 1.00 6.113886e-09 9.537628e-12 4.856847e-12 450
9666.30 339896 1.00 6.144363e-09 1.012262e-11 5.143120e-12 483
9666.75 339880 1.00 6.151036e-09 1.089764e-11 5.235711e-12 496
9667.20 339864 1.00 6.149782e-09 1.108661e-11 5.219947e-12 572
9667.64 339848 1.00 6.150245e-09 1.155154e-11 5.184511e-12 564
9668.09 339832 1.00 6.147398e-09 1.169540e-11 5.130817e-12 546
9668.54 339816 1.00 6.149649e-09 1.181563e-11 5.284981e-12 600
9668.99 339800 1.00 6.145167e-09 1.206896e-11 5.293486e-12 567
9669.44 339784 1.00 6.145273e-09 1.211989e-11 5.689303e-12 545
9669.89 339768 1.00 6.147129e-09 1.255553e-11 5.657892e-12 561
9670.34 339752 1.00 6.148798e-09 1.295194e-11 5.879529e-12 601
9670.79 339736 1.00 6.146853e-09 1.300210e-11 6.346500e-12 605
9671.23 339720 1.00 6.147157e-09 1.345277e-11 6.092206e-12 596
9671.68 339704 1.00 6.147912e-09 1.348961e-11 6.195682e-12 583
9672.13 339688 1.00 6.147441e-09 1.350742e-11 6.545968e-12 625
9672.58 339672 1.00 6.148508e-09 1.364479e-11 6.381031e-12 600
9673.03 339656 1.00 6.148246e-09 1.334858e-11 6.399401e-12 522
9673.48 339640 1.00 6.150265e-09 1.369328e-11 6.548066e-12 602
9673.93 339624 1.00 6.147505e-09 1.349926e-11 6.378310e-12 629
9674.38 339608 1.00 6.146058e-09 1.388652e-11 6.369464e-12 569
9674.83 339592 1.00 6.146799e-09 1.405291e-11 6.748895e-12 598
9675.28 339576 1.00 6.145305e-09 1.438791e-11 6.936568e-12 639
9675.73 339560 1.00 6.146742e-09 1.528426e-11 7.019462e-12 696
9676.18 339544 1.00 6.144927e-09 1.560577e-11 7.238266e-12 719
9676.63 339528 1.00 6.144846e-09 1.641375e-11 7.520172e-12 762
9677.08 339512 1.00 6.143385e-09 1.674575e-11 7.644286e-12 690
9677.53 339496 1.00 6.144037e-09 1.706909e-11 7.716237e-12 756
9677.98 339480 1.00 6.143744e-09 1.756077e-11 8.099918e-12 708
9678.43 339464 1.00 6.142888e-09 1.777903e-11 8.204755e-12 818
9678.87 339448 1.00 6.143753e-09 1.842661e-11 8.248300e-12 771
9679.32 339432 1.00 6.142672e-09 1.869031e-11 8.332952e-12 798
9679.77 339416 1.00 6.143554e-09 1.901532e-11 8.683182e-12 848
9680.22 339400 1.00 6.144338e-09 1.943870e-11 8.724119e-12 873
9680.67 339384 1.00 6.142683e-09 1.968575e-11 9.024908e-12 868
9681.12 339368 1.00 6.143665e-09 2.012988e-11 9.171132e-12 864
9681.57 339352 1.00 6.147308e-09 2.070489e-11 9.578006e-12 877
9682.02 339336 1.00 6.146782e-09 2.134819e-11 9.465290e-12 955
9682.47 339320 1.00 6.145417e-09 2.178849e-11 9.891666e-12 959
9682.92 339304 1.00 6.145939e-09 2.200958e-11 9.962597e-12 994
9683.37 339288 1.00 6.145949e-09 2.237632e-11 1.011897e-11 1009
9683.82 339272 1.00 6.146828e-09 2.287914e-11 1.016297e-11 1009
9684.28 339256 1.00 6.145109e-09 2.369438e-11 1.057132e-11 1036
9684.73 339240 1.00 6.144123e-09 2.406888e-11 1.073960e-11 1069
9685.18 339224 1.00 6.144576e-09 2.475113e-11 1.114075e-11 1100
9685.63 339208 1.00 6.143809e-09 2.593732e-11 1.132485e-11 1076
9686.08 339192 1.00 6.142894e-09 2.657624e-11 1.139833e-11 1149
9686.53 339176 1.00 6.142830e-09 2.734843e-11 1.178536e-11 1220
9686.98 339160 1.00 6.143905e-09 2.819296e-11 1.215883e-11 1304
9687.43 339144 1.00 6.143019e-09 2.977213e-11 1.264219e-11 1332
9687.88 339128 1.00 6.143625e-09 3.070194e-11 1.296810e-11 1425
9688.33 339112 1.00 6.143302e-09 3.214639e-11 1.336641e-11 1538
9688.78 339096 1.00 6.142039e-09 3.344676e-11 1.400291e-11 1504
9689.23 339080 1.00 6.140741e-09 3.504434e-11 1.444511e-11 1600
9689.68 339064 1.00 6.143130e-09 3.631237e-11 1.479290e-11 1632
9690.13 339048 1.00 6.140755e-09 3.722936e-11 1.512334e-11 1655
9690.58 339032 1.00 6.139982e-09 3.804998e-11 1.528233e-11 1781
9691.03 339016 1.00 6.139430e-09 3.906839e-11 1.580628e-11 1777
9691.48 339000 1.00 6.139015e-09 3.970198e-11 1.598188e-11 1781
9691.94 338984 1.00 6.140141e-09 4.024015e-11 1.606358e-11 1839
9692.39 338968 1.00 6.139647e-09 4.049509e-11 1.622489e-11 1819
9692.84 338952 1.00 6.140195e-09 4.071580e-11 1.638416e-11 1843
9693.29 338936 1.00 6.137115e-09 4.083081e-11 1.637072e-11 1879
9693.74 338920 1.00 6.134965e-09 4.099909e-11 1.624207e-11 1854
9694.19 338904 1.00 6.134943e-09 4.074576e-11 1.614075e-11 1867
9694.64 338888 1.00 6.125228e-09 4.028160e-11 1.609182e-11 1863
9695.09 338872 1.00 6.123058e-09 4.014201e-11 1.616865e-11 1850
9695.55 338856 1.00 6.110059e-09 3.942553e-11 1.594849e-11 1795
9696.00 338840 1.00 6.108940e-09 3.930158e-11 1.567713e-11 1790
9696.45 338824 1.00 6.112635e-09 3.859825e-11 1.556407e-11 1787
9696.90 338808 1.00 6.119160e-09 3.819251e-11 1.526368e-11 1701
9697.35 338792 1.00 6.130981e-09 3.745511e-11 1.502571e-11 1698
9697.80 338776 1.00 6.131167e-09 3.722531e-11 1.519552e-11 1725
9698.25 338760 1.00 6.138060e-09 3.629261e-11 1.445072e-11 1584
9698.71 338744 1.00 6.137197e-09 3.604000e-11 1.458572e-11 1627
9699.16 338728 1.00 6.138417e-09 3.465531e-11 1.410911e-11 1605
9699.61 338712 1.00 6.137951e-09 3.355234e-11 1.398863e-11 1499
9700.06 338696 1.00 6.136089e-09 3.270464e-11 1.358442e-11 1544
9700.51 338680 1.00 6.134206e-09 3.181838e-11 1.310559e-11 1468
9700.96 338664 1.00 6.134061e-09 3.063685e-11 1.267111e-11 1414
9701.42 338648 1.00 6.132910e-09 2.958133e-11 1.251649e-11 1369
9701.87 338632 1.00 6.133297e-09 2.900088e-11 1.193249e-11 1275
9702.32 338616 1.00 6.130459e-09 2.796921e-11 1.199174e-11 1341
9702.77 338600 1.00 6.130287e-09 2.772421e-11 1.156565e-11 1267
9703.22 338584 1.00 6.130714e-09 2.703967e-11 1.130727e-11 1227
9703.68 338568 1.00 6.129498e-09 2.640291e-11 1.125301e-11 1224
9704.13 338552 1.00 6.127080e-09 2.590370e-11 1.116479e-11 1191
9704.58 338536 1.00 6.127830e-09 2.556366e-11 1.084075e-11 1165
9705.03 338520 1.00 6.125526e-09 2.485915e-11 1.046903e-11 1134
9705.49 338504 1.00 6.126889e-09 2.465848e-11 1.069952e-11 1129
9705.94 338488 1.00 6.126446e-09 2.420652e-11 1.024473e-11 1086
9706.39 338472 1.00 6.125171e-09 2.390738e-11 1.035745e-11 1066
9706.84 338456 1.00 6.124545e-09 2.356233e-11 9.941334e-12 1082
9707.29 338440 1.00 6.125752e-09 2.357604e-11 9.842735e-12 1090
9707.75 338424 1.00 6.125101e-09 2.357659e-11 9.915707e-12 1121
9708.20 338408 1.00 6.123335e-09 2.312492e-11 9.953922e-12 1036
9708.65 338392 1.00 6.121769e-09 2.310733e-11 9.585776e-12 1051
9709.11 338376 1.00 6.123742e-09 2.264168e-11 9.849085e-12 1088
9709.56 338360 1.00 6.119279e-09 2.242685e-11 9.614011e-12 1029
9710.01 338344 1.00 6.122196e-09 2.237786e-11 9.517906e-12 1018
9710.46 338328 1.00 6.117730e-09 2.233198e-11 9.330574e-12 1005
9710.92 338312 1.00 6.119286e-09 2.210179e-11 9.269225e-12 1044
9711.37 338296 1.00 6.119861e-09 2.200032e-11 9.662773e-12 956
9711.82 338280 1.00 6.118218e-09 2.162349e-11 9.430135e-12 1002
9712.27 338264 1.00 6.118945e-09 2.166427e-11 8.999846e-12 985
9712.73 338248 1.00 6.118324e-09 2.158049e-11 8.977337e-12 1033
9713.18 338232 1.00 6.116788e-09 2.130564e-11 9.119483e-12 939
9713.63 338216 1.00 6.114859e-09 2.124205e-11 9.086144e-12 978
9714.09 338200 1.00 6.116458e-09 2.089619e-11 8.926083e-12 1011
9714.54 338184 1.00 6.115545e-09 2.114457e-11 8.776905e-12 983
9714.99 338168 1.00 6.115819e-09 2.063132e-11 8.925627e-12 943
9715.45 338152 1.00 6.113417e-09 2.053073e-11 8.882538e-12 948
9715.90 338136 1.00 6.113796e-09 2.020267e-11 8.659027e-12 925
9716.35 338120 1.00 6.108949e-09 2.023579e-11 8.366233e-12 966
9716.81 338104 1.00 6.110406e-09 1.985081e-11 8.689644e-12 924
9717.26 338088 1.00 6.109092e-09 1.981658e-11 8.564736e-12 954
9717.71 338072 1.00 6.107398e-09 1.948424e-11 8.396850e-12 939
9718.17 338056 1.00 6.107602e-09 1.938898e-11 8.251191e-12 927
9718.62 338040 1.00 6.106310e-09 1.922159e-11 8.414938e-12 882
9719.07 338024 1.00 6.108340e-09 1.891561e-11 8.417035e-12 870
9719.53 338008 1.00 6.106135e-09 1.880254e-11 8.111372e-12 921
9719.98 337992 1.00 6.106498e-09 1.890008e-11 8.320365e-12 927
9720.43 337976 1.00 6.106411e-09 1.881370e-11 8.098105e-12 856
9720.89 337960 1.00 6.103947e-09 1.873663e-11 8.226697e-12 848
9721.34 337944 1.00 6.100605e-09 1.828518e-11 7.924322e-12 855
9721.80 337928 1.00 6.088212e-09 1.858678e-11 8.070322e-12 863
9722.25 337912 1.00 6.068260e-09 1.838238e-11 7.943940e-12 760
9722.70 337896 1.00 6.051349e-09 1.823941e-11 8.047756e-12 846
9723.16 337880 1.00 6.049236e-09 1.820002e-11 7.675073e-12 840
9723.61 337864 1.00 6.056618e-09 1.836386e-11 7.864788e-12 821
9724.07 337848 1.00 6.087479e-09 1.839481e-11 8.255614e-12 882
9724.52 337832 1.00 6.100362e-09 1.849906e-11 7.828217e-12 831
9724.97 337816 1.00 6.107149e-09 1.860115e-11 8.210596e-12 816
9725.43 337800 1.00 6.105191e-09 1.892543e-11 7.928006e-12 848
9725.88 337784 1.00 6.106316e-09 1.847620e-11 8.010504e-12 875
9726.34 337768 1.00 6.105433e-09 1.870218e-11 8.179581e-12 863
9726.79 337752 1.00 6.102880e-09 1.859560e-11 8.022185e-12 906
9727.25 337736 1.00 6.103748e-09 1.888027e-11 8.201070e-12 838
9727.70 337720 1.00 6.103579e-09 1.894380e-11 8.069586e-12 841
9728.15 337704 1.00 6.104024e-09 1.890729e-11 8.060570e-12 875
9728.61 337688 1.00 6.102467e-09 1.889592e-11 8.170907e-12 892
9729.06 337672 1.00 6.101019e-09 1.905648e-11 8.198746e-12 838
9729.52 337656 1.00 6.102129e-09 1.901265e-11 8.182699e-12 899
9729.97 337640 1.00 6.102308e-09 1.921732e-11 8.363002e-12 898
9730.43 337624 1.00 6.103422e-09 1.919413e-11 8.274609e-12 922
9730.88 337608 1.00 6.102138e-09 1.930570e-11 8.152820e-12 890
9731.34 337592 1.00 6.100818e-09 1.937350e-11 8.579649e-12 878
9731.79 337576 1.00 6.102685e-09 1.962977e-11 8.537692e-12 888
9732.25 337560 1.00 6.100993e-09 1.985058e-11 8.414657e-12 892
9732.70 337544 1.00 6.100507e-09 1.975232e-11 8.492900e-12 926
9733.16 337528 1.00 6.102031e-09 1.992498e-11 8.524311e-12 947
9733.61 337512 1.00 6.101179e-09 2.012172e-11 8.720604e-12 929
9734.07 337496 1.00 6.100442e-09 2.014774e-11 8.548522e-12 951
9734.52 337480 1.00 6.100772e-09 2.044284e-11 8.688624e-12 906
9734.98 337464 1.00 6.100231e-09 2.045228e-11 8.505883e-12 950
9735.43 337448 1.00 6.097550e-09 2.062421e-11 8.667987e-12 972
9735.89 337432 1.00 6.098126e-09 2.099916e-11 8.737727e-12 963
9736.34 337416 1.00 6.090088e-09 2.104482e-11 8.910432e-12 949
9736.80 337400 1.00 6.079864e-09 2.128843e-11 8.902664e-12 960
9737.25 337384 1.00 6.059870e-09 2.140378e-11 9.126853e-12 994
9737.71 337368 1.00 6.049023e-09 2.133431e-11 9.005007e-12 1031
9738.16 337352 1.00 6.042713e-09 2.159940e-11 9.219386e-12 1064
9738.62 337336 1.00 6.051242e-09 2.181401e-11 9.003645e-12 992
9739.07 337320 1.00 6.071917e-09 2.219350e-11 9.311466e-12 1047
9740.21 337280 1.00 6.094278e-09 2.260345e-11 9.466196e-12 1075
9742.04 337216 1.01 6.097676e-09 2.345686e-11 9.971384e-12 1085
9743.86 337152 1.01 6.097472e-09 2.443899e-11 1.029684e-11 1194
9745.68 337088 1.02 6.096072e-09 2.500950e-11 1.076007e-11 1165
9747.51 337024 1.03 6.094949e-09 2.583246e-11 1.103404e-11 1263
9749.56 336952 1.04 6.093512e-09 2.645402e-11 1.123800e-11 1299
9751.39 336888 1.04 6.093192e-09 2.702678e-11 1.152881e-11 1295
9753.44 336816 1.05 6.091975e-09 2.707350e-11 1.146924e-11 1286
9755.50 336744 1.06 6.091832e-09 2.716680e-11 1.179072e-11 1268
9757.33 336680 1.06 6.090313e-09 2.710688e-11 1.179986e-11 1390
9759.39 336608 1.07 6.090494e-09 2.705116e-11 1.180018e-11 1375
9761.45 336536 1.08 6.089334e-09 2.695404e-11 1.158650e-11 1334
9763.51 336464 1.09 6.085950e-09 2.673540e-11 1.161282e-11 1395
9765.57 336392 1.09 6.085158e-09 2.668197e-11 1.147636e-11 1344
9767.63 336320 1.10 6.083754e-09 2.655989e-11 1.130215e-11 1326
9769.92 336240 1.11 6.080430e-09 2.613221e-11 1.133241e-11 1337
9771.98 336168 1.12 6.078396e-09 2.601826e-11 1.105706e-11 1348
9774.28 336088 1.13 6.076573e-09 2.579146e-11 1.092132e-11 1366
9776.34 336016 1.13 6.076643e-09 2.553152e-11 1.087437e-11 1350
9778.64 335936 1.14 6.068869e-09 2.526996e-11 1.081336e-11 1378
9780.93 335856 1.15 6.073281e-09 2.506746e-11 1.060540e-11 1405
9783.00 335784 1.16 6.073378e-09 2.509338e-11 1.057172e-11 1348
9785.30 335704 1.17 6.071523e-09 2.480439e-11 1.052220e-11 1323
9787.60 335624 1.17 6.071313e-09 2.457489e-11 1.058674e-11 1343
9789.90 335544 1.18 6.069376e-09 2.418479e-11 1.071334e-11 1411
9792.21 335464 1.19 6.068774e-09 2.408601e-11 1.060720e-11 1375
9794.74 335376 1.20 6.067825e-09 2.377540e-11 1.047737e-11 1363
9797.04 335296 1.21 6.065295e-09 2.380664e-11 1.023303e-11 1325
9799.35 335216 1.22 6.064279e-09 2.373550e-11 1.035619e-11 1345
9801.89 335128 1.23 6.061043e-09 2.337576e-11 1.018311e-11 1375
9804.20 335048 1.24 6.058793e-09 2.346182e-11 1.028916e-11 1394
9806.74 334960 1.24 6.057284e-09 2.355243e-11 1.037753e-11 1356
9809.28 334872 1.25 6.055407e-09 2.381102e-11 1.049514e-11 1377
9811.82 334784 1.26 6.054683e-09 2.407754e-11 1.054373e-11 1407
9814.13 334704 1.27 6.055796e-09 2.429603e-11 1.072801e-11 1507
9816.68 334616 1.28 6.054469e-09 2.455685e-11 1.101337e-11 1475
9819.46 334520 1.29 6.051292e-09 2.504403e-11 1.137617e-11 1510
9822.01 334432 1.30 6.052316e-09 2.549994e-11 1.124269e-11 1627
9824.56 334344 1.31 6.048528e-09 2.581337e-11 1.143655e-11 1639
9827.11 334256 1.32 6.042081e-09 2.641032e-11 1.168990e-11 1696
9829.89 334160 1.33 6.041636e-09 2.690041e-11 1.182228e-11 1740
9832.45 334072 1.34 6.038560e-09 2.724030e-11 1.186200e-11 1745
9835.23 333976 1.35 6.039313e-09 2.739167e-11 1.213050e-11 1730
9837.79 333888 1.36 6.037866e-09 2.784020e-11 1.224553e-11 1854
9840.58 333792 1.37 6.034819e-09 2.811719e-11 1.242037e-11 1844
9843.37 333696 1.38 6.031696e-09 2.821235e-11 1.223511e-11 1841
9846.17 333600 1.39 6.031036e-09 2.837848e-11 1.254901e-11 1859
9848.96 333504 1.40 6.028654e-09 2.855804e-11 1.239359e-11 1903
9851.76 333408 1.41 6.024902e-09 2.856260e-11 1.263061e-11 1949
9854.56 333312 1.42 6.024321e-09 2.872595e-11 1.262754e-11 1967
9857.36 333216 1.43 6.024119e-09 2.863568e-11 1.264163e-11 1969
9860.39 333112 1.44 6.019500e-09 2.859827e-11 1.273764e-11 2021
9863.20 333016 1.45 6.018426e-09 2.865899e-11 1.278510e-11 2018
9866.00 332920 1.46 6.014662e-09 2.856842e-11 1.270710e-11 2002
9869.04 332816 1.47 6.012208e-09 2.841137e-11 1.266823e-11 2067
9872.09 332712 1.48 6.009305e-09 2.819133e-11 1.261025e-11 2067
9874.90 332616 1.49 6.008864e-09 2.824766e-11 1.280239e-11 2048
9877.94 332512 1.51 6.006766e-09 2.814243e-11 1.286630e-11 2035
9880.99 332408 1.52 6.002694e-09 2.795128e-11 1.272868e-11 2150
9884.04 332304 1.53 6.000845e-09 2.814218e-11 1.279932e-11 2152
9887.10 332200 1.54 5.997687e-09 2.807190e-11 1.279146e-11 2073
9890.15 332096 1.55 5.995969e-09 2.792439e-11 1.282288e-11 1992
9893.21 331992 1.56 5.995915e-09 2.830748e-11 1.278771e-11 2072
9896.26 331888 1.57 5.989857e-09 2.852284e-11 1.288266e-11 2167
9899.56 331776 1.58 5.984135e-09 2.877590e-11 1.297577e-11 2271
9902.62 331672 1.60 5.987756e-09 2.903517e-11 1.352189e-11 2258
9905.92 331560 1.61 5.986899e-09 2.951401e-11 1.352685e-11 2316
9908.99 331456 1.62 5.984566e-09 2.963326e-11 1.360033e-11 2353
9912.29 331344 1.63 5.981819e-09 3.009599e-11 1.376795e-11 2494
9915.60 331232 1.64 5.979872e-09 3.022110e-11 1.385774e-11 2390
9918.67 331128 1.65 5.977387e-09 3.055305e-11 1.394905e-11 2530
9921.98 331016 1.67 5.975168e-09 3.081244e-11 1.418388e-11 2548
9925.30 330904 1.68 5.971749e-09 3.105145e-11 1.421906e-11 2637
9928.61 330792 1.69 5.971053e-09 3.132415e-11 1.437858e-11 2571
9932.17 330672 1.70 5.968370e-09 3.169860e-11 1.452350e-11 2589
9935.49 330560 1.72 5.961814e-09 3.180971e-11 1.455662e-11 2755
9938.81 330448 1.73 5.873928e-09 3.159410e-11 1.448363e-11 2768
9942.13 330336 1.74 5.969019e-09 3.222322e-11 1.486085e-11 2855
9945.70 330216 1.75 5.963193e-09 3.227478e-11 1.501456e-11 2855
9949.03 330104 1.77 5.958438e-09 3.258131e-11 1.503950e-11 2975
9952.60 329984 1.78 5.909882e-09 3.258961e-11 1.514640e-11 2968
9956.17 329864 1.79 5.950215e-09 3.298715e-11 1.546428e-11 2954
9959.50 329752 1.80 5.948638e-09 3.331929e-11 1.557183e-11 3020
9963.08 329632 1.82 5.946347e-09 3.326438e-11 1.563265e-11 3128
9966.66 329512 1.83 5.943606e-09 3.348475e-11 1.586365e-11 3075
9970.24 329392 1.84 5.939868e-09 3.367211e-11 1.593626e-11 3177
9973.83 329272 1.86 5.938052e-09 3.401414e-11 1.618427e-11 3212
9977.42 329152 1.87 5.936465e-09 3.393597e-11 1.617879e-11 3155
9981.01 329032 1.88 5.933959e-09 3.414261e-11 1.637537e-11 3200
9984.84 328904 1.90 5.930143e-09 3.421519e-11 1.631180e-11 3270
9988.44 328784 1.91 5.928082e-09 3.444458e-11 1.644387e-11 3246
9992.03 328664 1.92 5.920818e-09 3.464654e-11 1.643111e-11 3280
9995.88 328536 1.94 5.812884e-09 3.415454e-11 1.640181e-11 3405
9999.48 328416 1.95 5.919514e-09 3.492679e-11 1.677167e-11 3447
10003.33 328288 1.96 5.917148e-09 3.510621e-11 1.674956e-11 3490
10007.18 328160 1.98 5.914704e-09 3.521793e-11 1.713077e-11 3583
10011.03 328032 1.99 5.908713e-09 3.563487e-11 1.713774e-11 3664
10014.89 327904 2.01 5.907375e-09 3.575596e-11 1.731096e-11 3686
10018.51 327784 2.02 5.904317e-09 3.596995e-11 1.741134e-11 3768
10022.37 327656 2.03 5.901178e-09 3.626222e-11 1.743521e-11 3812
10026.47 327520 2.05 5.898978e-09 3.633359e-11 1.776141e-11 3966
10030.34 327392 2.06 5.896255e-09 3.675539e-11 1.783572e-11 3733
10034.21 327264 2.08 5.892939e-09 3.712609e-11 1.790493e-11 4034
10038.09 327136 2.09 5.889377e-09 3.723510e-11 1.825713e-11 3993
10042.21 327000 2.11 5.885165e-09 3.756164e-11 1.840552e-11 4037
10046.09 326872 2.12 5.881060e-09 3.784504e-11 1.866547e-11 4112
10050.22 326736 2.14 5.877458e-09 3.823849e-11 1.888151e-11 4141
10054.10 326608 2.15 5.872828e-09 3.840503e-11 1.901254e-11 4367
10058.24 326472 2.17 5.870180e-09 3.869003e-11 1.934580e-11 4282
10062.37 326336 2.18 5.866524e-09 3.896060e-11 1.939892e-11 4408
10066.27 326208 2.20 5.864187e-09 3.924531e-11 1.957714e-11 4445
10070.41 326072 2.21 5.860664e-09 3.954915e-11 1.974849e-11 4513
10074.56 325936 2.23 5.856271e-09 3.972354e-11 1.998134e-11 4627
10078.71 325800 2.24 5.848441e-09 4.009197e-11 2.010781e-11 4630
10082.87 325664 2.26 5.844337e-09 4.023086e-11 2.025581e-11 4740
10087.02 325528 2.27 5.842988e-09 4.060648e-11 2.046821e-11 4830
10091.43 325384 2.29 5.839073e-09 4.069757e-11 2.050104e-11 4865
10095.59 325248 2.30 5.834618e-09 4.093511e-11 2.085263e-11 5065
10099.76 325112 2.32 5.830528e-09 4.125006e-11 2.108149e-11 4975
10104.18 324968 2.33 5.825356e-09 4.152528e-11 2.112800e-11 5061
10108.36 324832 2.35 5.822530e-09 4.163947e-11 2.126103e-11 5309
10112.78 324688 2.37 5.820929e-09 4.195884e-11 2.149182e-11 5132
10116.96 324552 2.38 5.815985e-09 4.199189e-11 2.164336e-11 5276
10121.40 324408 2.40 5.811919e-09 4.235152e-11 2.183964e-11 5241
10125.83 324264 2.41 5.811042e-09 4.266432e-11 2.215686e-11 5361
10130.27 324120 2.43 5.806831e-09 4.287341e-11 2.211542e-11 5583
10134.72 323976 2.45 5.803703e-09 4.313414e-11 2.234463e-11 5581
10139.17 323832 2.46 5.801215e-09 4.345106e-11 2.254453e-11 5655
10143.62 323688 2.48 5.796882e-09 4.388322e-11 2.278894e-11 5815
10148.08 323544 2.49 5.791022e-09 4.376714e-11 2.306243e-11 5774
10152.54 323400 2.51 5.769672e-09 4.414909e-11 2.315313e-11 5974
10157.00 323256 2.53 5.783592e-09 4.460638e-11 2.346255e-11 6192
10161.72 323104 2.54 5.777733e-09 4.474762e-11 2.364038e-11 6088
10166.19 322960 2.56 5.773340e-09 4.515040e-11 2.392577e-11 6150
10170.67 322816 2.58 5.769313e-09 4.547712e-11 2.404502e-11 6291
10175.40 322664 2.59 5.765672e-09 4.570188e-11 2.428799e-11 6261
10179.88 322520 2.61 5.764006e-09 4.581102e-11 2.454114e-11 6560
10184.62 322368 2.63 5.761101e-09 4.650444e-11 2.479900e-11 6478
10189.36 322216 2.65 5.758078e-09 4.671804e-11 2.498855e-11 6792
10194.11 322064 2.66 5.753436e-09 4.710492e-11 2.530967e-11 6941
10198.61 321920 2.68 5.749094e-09 4.727731e-11 2.545351e-11 6849
10203.37 321768 2.70 5.742447e-09 4.766135e-11 2.572572e-11 6911
10208.13 321616 2.71 5.737915e-09 4.787245e-11 2.595050e-11 7052
10212.90 321464 2.73 5.723144e-09 4.809305e-11 2.619765e-11 7097
10217.67 321312 2.75 5.730440e-09 4.851229e-11 2.638741e-11 7206
10222.69 321152 2.77 5.726187e-09 4.884413e-11 2.665077e-11 7467
10227.47 321000 2.79 5.722906e-09 4.922642e-11 2.697050e-11 7438
10232.26 320848 2.80 5.717999e-09 4.955855e-11 2.725839e-11 7547
10237.05 320696 2.82 5.714514e-09 4.966244e-11 2.744133e-11 7572
10242.09 320536 2.84 5.707761e-09 5.004396e-11 2.773730e-11 7835
10246.89 320384 2.86 5.703348e-09 5.038268e-11 2.796715e-11 7813
10251.94 320224 2.88 5.696108e-09 5.067276e-11 2.817714e-11 8040
10256.75 320072 2.89 5.691303e-09 5.085993e-11 2.848875e-11 7924
10261.82 319912 2.91 5.686046e-09 5.128343e-11 2.888115e-11 8235
10266.89 319752 2.93 5.679526e-09 5.154970e-11 2.900979e-11 8372
10271.96 319592 2.95 5.674743e-09 5.196010e-11 2.927085e-11 8384
10277.04 319432 2.97 5.669907e-09 5.237483e-11 2.952989e-11 8389
10281.87 319280 2.98 5.666246e-09 5.250433e-11 2.974021e-11 8534
10286.97 319120 3.00 5.661772e-09 5.278149e-11 2.995663e-11 8764
10292.06 318960 3.02 5.658903e-09 5.329001e-11 3.039771e-11 9087
10297.42 318792 3.04 5.652973e-09 5.353166e-11 3.068414e-11 9120
10302.52 318632 3.06 5.646070e-09 5.389049e-11 3.091284e-11 9203
10307.64 318472 3.08 5.635668e-09 5.430325e-11 3.123442e-11 9393
10312.75 318312 3.10 5.630308e-09 5.438532e-11 3.150774e-11 9555
10318.13 318144 3.12 5.625996e-09 5.489999e-11 3.156465e-11 9773
10323.26 317984 3.14 5.620346e-09 5.526074e-11 3.212925e-11 9690
10328.39 317824 3.16 5.614663e-09 5.543981e-11 3.251494e-11 9897
10333.78 317656 3.18 5.607186e-09 5.590673e-11 3.268637e-11 10049
10338.93 317496 3.19 5.594445e-09 5.616859e-11 3.296594e-11 10098
10344.33 317328 3.21 5.463287e-09 5.517218e-11 3.261845e-11 9898
10349.75 317160 3.23 5.605896e-09 5.716871e-11 3.374655e-11 10423
10355.16 316992 3.25 5.600938e-09 5.743712e-11 3.402104e-11 10767
10360.33 316832 3.27 5.595309e-09 5.776177e-11 3.429001e-11 10674
10365.76 316664 3.29 5.590855e-09 5.822019e-11 3.463377e-11 10919
10371.19 316496 3.31 5.586203e-09 5.861818e-11 3.502517e-11 11018
10376.63 316328 3.33 5.581248e-09 5.883687e-11 3.523713e-11 11212
10382.08 316160 3.35 5.576538e-09 5.932305e-11 3.572776e-11 11395
10387.53 315992 3.37 5.573349e-09 5.959770e-11 3.598172e-11 11719
10392.99 315824 3.39 5.566864e-09 5.988534e-11 3.619031e-11 11732
10398.71 315648 3.41 5.563318e-09 6.042271e-11 3.667726e-11 11665
10404.18 315480 3.43 5.559843e-09 6.091807e-11 3.697161e-11 11988
10409.66 315312 3.45 5.555684e-09 6.121852e-11 3.740592e-11 12233
10415.40 315136 3.47 5.550827e-09 6.163158e-11 3.779966e-11 12361
10420.89 314968 3.49 5.544805e-09 6.196124e-11 3.806248e-11 12466
10426.38 314800 3.51 5.529297e-09 6.239111e-11 3.844931e-11 12968
10432.14 314624 3.54 5.536828e-09 6.286163e-11 3.885871e-11 13113
10437.91 314448 3.56 5.534896e-09 6.329983e-11 3.925090e-11 13252
10443.42 314280 3.58 5.531434e-09 6.360972e-11 3.977770e-11 13184
10449.20 314104 3.60 5.525546e-09 6.401355e-11 4.004492e-11 13256
10454.99 313928 3.62 5.521108e-09 6.461603e-11 4.052809e-11 13494
10460.78 313752 3.64 5.516552e-09 6.490809e-11 4.087330e-11 13932
10466.32 313584 3.66 5.510079e-09 6.520505e-11 4.118055e-11 14078
10472.13 313408 3.68 5.504994e-09 6.559752e-11 4.166383e-11 14135
10477.94 313232 3.70 5.499238e-09 6.618539e-11 4.207803e-11 14287
10483.76 313056 3.72 5.492467e-09 6.660784e-11 4.255784e-11 14644
10489.59 312880 3.75 5.486953e-09 6.695174e-11 4.295654e-11 15007
10495.69 312696 3.77 5.481433e-09 6.751412e-11 4.320871e-11 15237
10501.53 312520 3.79 5.475096e-09 6.788027e-11 4.368164e-11 15282
10507.37 312344 3.81 5.468538e-09 6.828325e-11 4.408267e-11 15560
10513.23 312168 3.83 5.456835e-09 6.855420e-11 4.456846e-11 15845
10519.35 311984 3.85 5.270122e-09 6.665108e-11 4.345693e-11 15299
10525.22 311808 3.88 5.467697e-09 6.975513e-11 4.547281e-11 16324
10531.09 311632 3.90 5.454692e-09 7.001832e-11 4.577590e-11 16636
10537.24 311448 3.92 5.456455e-09 7.059912e-11 4.646960e-11 16653
10543.13 311272 3.94 5.451466e-09 7.108149e-11 4.685116e-11 16951
10549.29 311088 3.96 5.446998e-09 7.155222e-11 4.741147e-11 17165
10555.46 310904 3.99 5.440036e-09 7.206778e-11 4.774169e-11 17314
