26511.78 236424 1.00 5.320987e-11 6.593703e-11 6.283454e-10 9211
26513.57 236408 1.00 5.305033e-11 6.571500e-11 6.272613e-10 9732
26515.35 236392 1.00 5.327712e-11 6.591350e-11 6.274959e-10 9117
26517.13 236376 1.00 5.311925e-11 6.576797e-11 6.264572e-10 8956
26519.80 236352 1.00 5.336819e-11 6.589221e-11 6.264986e-10 8592
26521.59 236336 1.00 5.319907e-11 6.563099e-11 6.262055e-10 8365
26523.37 236320 1.00 5.306555e-11 6.581583e-11 6.261690e-10 8188
26525.15 236304 1.00 5.302536e-11 6.604173e-11 6.266943e-10 8141
26527.83 236280 1.00 5.311145e-11 6.586879e-11 6.261110e-10 8336
26529.61 236264 1.00 5.320804e-11 6.591495e-11 6.258512e-10 8437
26531.40 236248 1.00 5.316852e-11 6.601521e-11 6.259542e-10 8407
26533.18 236232 1.00 5.296204e-11 6.580577e-11 6.263541e-10 8124
26534.97 236216 1.00 5.320473e-11 6.571500e-11 6.258598e-10 8042
26537.65 236192 1.00 5.323446e-11 6.605226e-11 6.263969e-10 8387
26539.43 236176 1.00 5.305232e-11 6.619335e-11 6.255395e-10 8307
26541.22 236160 1.00 5.297095e-11 6.598491e-11 6.258269e-10 8485
26543.00 236144 1.00 5.301142e-11 6.597137e-11 6.250662e-10 8378
26545.68 236120 1.00 5.300504e-11 6.572227e-11 6.253051e-10 8823
26547.47 236104 1.00 5.322637e-11 6.584881e-11 6.261551e-10 8519
26549.26 236088 1.00 5.321828e-11 6.558124e-11 6.258845e-10 8811
26551.04 236072 1.00 5.317810e-11 6.582369e-11 6.251126e-10 8557
26553.73 236048 1.00 5.290824e-11 6.586191e-11 6.253345e-10 8568
26555.51 236032 1.00 5.318496e-11 6.567594e-11 6.249598e-10 9319
26557.30 236016 1.00 5.318490e-11 6.571427e-11 6.252089e-10 9252
26559.09 236000 1.00 5.324629e-11 6.582596e-11 6.258101e-10 8946
26561.77 235976 1.00 5.301745e-11 6.614348e-11 6.250697e-10 9271
26563.56 235960 1.00 5.316930e-11 6.587130e-11 6.249592e-10 8073
26565.35 235944 1.00 5.317018e-11 6.563876e-11 6.254790e-10 9212
26567.14 235928 1.00 5.305731e-11 6.568416e-11 6.251977e-10 9752
26569.82 235904 1.00 5.317805e-11 6.589498e-11 6.252436e-10 9342
26571.61 235888 1.00 5.326302e-11 6.576460e-11 6.250711e-10 9180
26573.40 235872 1.00 5.308001e-11 6.604794e-11 6.259357e-10 11967
26575.19 235856 1.00 5.313997e-11 6.587849e-11 6.258307e-10 11248
26576.98 235840 1.00 5.314766e-11 6.569036e-11 6.256285e-10 8067
26579.67 235816 1.00 5.300344e-11 6.574579e-11 6.250386e-10 8499
26581.46 235800 1.00 5.321546e-11 6.571821e-11 6.245954e-10 8970
26583.25 235784 1.00 5.303982e-11 6.580338e-11 6.257276e-10 7539
26585.05 235768 1.00 5.319980e-11 6.550799e-11 6.248247e-10 7771
26587.73 235744 1.00 5.296426e-11 6.563277e-11 6.247122e-10 7825
26589.53 235728 1.00 5.304264e-11 6.551727e-11 6.251243e-10 7207
26591.32 235712 1.00 5.326396e-11 6.581413e-11 6.249559e-10 8137
26593.11 235696 1.00 5.323146e-11 6.586552e-11 6.249086e-10 9032
26595.80 235672 1.00 5.323727e-11 6.585976e-11 6.258123e-10 7421
26597.59 235656 1.00 5.303737e-11 6.587889e-11 6.252322e-10 7774
26599.39 235640 1.00 5.317803e-11 6.574673e-11 6.245784e-10 7715
26601.18 235624 1.00 5.295728e-11 6.597325e-11 6.251872e-10 7134
26602.98 235608 1.00 5.313580e-11 6.563671e-11 6.245172e-10 7687
26605.67 235584 1.00 5.300493e-11 6.557047e-11 6.236730e-10 9741
26607.46 235568 1.00 5.293702e-11 6.578146e-11 6.239792e-10 9656
26609.26 235552 1.00 5.280942e-11 6.588105e-11 6.232195e-10 9640
26611.05 235536 1.00 5.306423e-11 6.539776e-11 6.223425e-10 9513
26613.75 235512 1.00 5.279164e-11 6.546615e-11 6.218838e-10 9832
26615.54 235496 1.00 5.271487e-11 6.542650e-11 6.217954e-10 9358
26617.34 235480 1.00 5.270584e-11 6.539420e-11 6.215177e-10 9269
26619.13 235464 1.00 5.266937e-11 6.543310e-11 6.214647e-10 8446
26621.83 235440 1.00 5.265592e-11 6.506427e-11 6.203333e-10 8845
26623.63 235424 1.00 5.298774e-11 6.503312e-11 6.199147e-10 9665
26625.42 235408 1.00 5.261191e-11 6.541784e-11 6.193112e-10 10179
26627.22 235392 1.00 5.255965e-11 6.505788e-11 6.186192e-10 11453
26629.02 235376 1.00 5.268022e-11 6.503824e-11 6.176268e-10 10602
26631.72 235352 1.00 5.242114e-11 6.501383e-11 6.176598e-10 10300
26633.51 235336 1.00 5.243780e-11 6.490232e-11 6.171980e-10 10679
26635.31 235320 1.00 5.249000e-11 6.511286e-11 6.173992e-10 10702
26637.11 235304 1.00 5.252604e-11 6.494365e-11 6.174838e-10 10400
26639.81 235280 1.00 5.250683e-11 6.488785e-11 6.157202e-10 10859
26641.61 235264 1.00 5.238633e-11 6.503640e-11 6.151838e-10 10958
26643.41 235248 1.00 5.218068e-11 6.496323e-11 6.151926e-10 10451
26645.21 235232 1.00 5.220641e-11 6.480905e-11 6.154335e-10 10482
26647.01 235216 1.00 5.234912e-11 6.463256e-11 6.140949e-10 10231
26649.71 235192 1.00 5.208811e-11 6.463761e-11 6.143572e-10 9420
26651.51 235176 1.00 5.203491e-11 6.452664e-11 6.126641e-10 10621
26653.31 235160 1.00 5.205894e-11 6.459340e-11 6.131039e-10 10875
26655.11 235144 1.00 5.225291e-11 6.438489e-11 6.119831e-10 11083
26657.82 235120 1.00 5.190249e-11 6.456925e-11 6.108579e-10 10995
26659.62 235104 1.00 5.212769e-11 6.446035e-11 6.106450e-10 10586
26661.42 235088 1.00 5.196233e-11 6.425750e-11 6.099755e-10 10911
26662.32 235080 1.00 5.190360e-11 6.433946e-11 6.102081e-10 10386
26664.12 235064 1.00 5.192065e-11 6.446546e-11 6.095304e-10 10476
26665.93 235048 1.00 5.191373e-11 6.418888e-11 6.081758e-10 10332
26667.73 235032 1.00 5.192298e-11 6.444748e-11 6.077313e-10 10671
26669.53 235016 1.00 5.174943e-11 6.425251e-11 6.072932e-10 10791
26671.34 235000 1.00 5.167962e-11 6.422061e-11 6.071592e-10 11716
26673.14 234984 1.00 5.163883e-11 6.409240e-11 6.069764e-10 12520
26674.94 234968 1.00 5.171627e-11 6.458097e-11 6.064175e-10 11983
26676.75 234952 1.00 5.162039e-11 6.413489e-11 6.052422e-10 10762
26678.55 234936 1.00 5.159597e-11 6.388996e-11 6.044547e-10 10777
26680.36 234920 1.00 5.153957e-11 6.400058e-11 6.029516e-10 10243
26682.16 234904 1.00 5.143616e-11 6.394366e-11 6.030630e-10 10165
26683.97 234888 1.00 5.157460e-11 6.400380e-11 6.015141e-10 10633
26685.77 234872 1.00 5.132848e-11 6.396268e-11 6.005021e-10 10785
26687.58 234856 1.00 5.139892e-11 6.386305e-11 6.001358e-10 8884
26689.38 234840 1.00 5.152584e-11 6.377555e-11 6.008434e-10 9193
26691.19 234824 1.00 5.144087e-11 6.364772e-11 6.003250e-10 10110
26693.00 234808 1.00 5.146390e-11 6.372633e-11 5.989935e-10 9801
26694.80 234792 1.00 5.139703e-11 6.353409e-11 5.988546e-10 9574
26696.61 234776 1.00 5.142627e-11 6.361309e-11 5.983976e-10 10335
26698.42 234760 1.00 5.136122e-11 6.346935e-11 5.977348e-10 10162
26700.23 234744 1.00 5.142438e-11 6.405960e-11 5.971641e-10 9301
26702.03 234728 1.00 5.125792e-11 6.363014e-11 5.956896e-10 9267
26703.84 234712 1.00 5.113480e-11 6.341180e-11 5.955844e-10 11077
26705.65 234696 1.00 5.137046e-11 6.369155e-11 5.943047e-10 8520
26707.46 234680 1.00 5.109589e-11 6.342379e-11 5.931781e-10 8874
26709.27 234664 1.00 5.111278e-11 6.341753e-11 5.931921e-10 8636
26711.08 234648 1.00 5.103853e-11 6.316846e-11 5.925389e-10 8907
26712.89 234632 1.00 5.120024e-11 6.341675e-11 5.910460e-10 9681
26714.69 234616 1.00 5.102254e-11 6.329730e-11 5.898824e-10 9342
26716.50 234600 1.00 5.105852e-11 6.330979e-11 5.894478e-10 10019
26718.31 234584 1.00 5.117134e-11 6.329080e-11 5.869152e-10 9107
26720.12 234568 1.00 5.088846e-11 6.325625e-11 5.856028e-10 8653
26721.93 234552 1.00 5.069499e-11 6.290149e-11 5.840959e-10 8874
26723.75 234536 1.00 5.090618e-11 6.290844e-11 5.821594e-10 8871
26725.56 234520 1.00 5.076812e-11 6.286975e-11 5.809795e-10 9244
26727.37 234504 1.00 5.080569e-11 6.271474e-11 5.801671e-10 9243
26729.18 234488 1.00 5.081117e-11 6.295386e-11 5.777589e-10 8477
26730.99 234472 1.00 5.092278e-11 6.277943e-11 5.763274e-10 8254
26732.80 234456 1.00 5.088746e-11 6.292607e-11 5.731325e-10 8459
26734.61 234440 1.00 5.060951e-11 6.291192e-11 5.708673e-10 8196
26736.43 234424 1.00 5.072759e-11 6.307404e-11 5.696975e-10 8617
26738.24 234408 1.00 5.062899e-11 6.259019e-11 5.658869e-10 8029
26740.05 234392 1.00 5.056551e-11 6.263201e-11 5.630425e-10 7098
26741.87 234376 1.00 5.061533e-11 6.296896e-11 5.584671e-10 7723
26743.68 234360 1.00 5.066006e-11 6.269127e-11 5.523756e-10 7414
26745.49 234344 1.00 5.051165e-11 6.255984e-11 5.462954e-10 8031
26747.31 234328 1.00 5.055460e-11 6.247057e-11 5.380750e-10 8715
26749.12 234312 1.00 5.046552e-11 6.260828e-11 5.290833e-10 8702
26750.94 234296 1.00 5.062292e-11 6.243856e-11 5.232814e-10 8842
26752.75 234280 1.00 5.036705e-11 6.247123e-11 5.067293e-10 8778
26754.56 234264 1.00 5.027565e-11 6.249685e-11 4.923691e-10 8468
26756.38 234248 1.00 5.020469e-11 6.204220e-11 4.619873e-10 7916
26758.20 234232 1.00 5.014800e-11 6.206395e-11 4.256676e-10 8555
26760.01 234216 1.00 5.019283e-11 6.192125e-11 3.841252e-10 8349
26761.83 234200 1.00 4.989628e-11 6.214145e-11 3.090284e-10 8267
26763.64 234184 1.00 5.017152e-11 6.197523e-11 2.511701e-10 9152
26765.46 234168 1.00 4.992900e-11 6.213224e-11 1.895612e-10 8655
26767.28 234152 1.00 5.003639e-11 6.205036e-11 1.561186e-10 8663
26769.09 234136 1.00 5.003988e-11 6.190604e-11 1.370356e-10 8844
26770.91 234120 1.00 5.003750e-11 6.187176e-11 1.296422e-10 10561
26772.73 234104 1.00 4.999310e-11 6.187071e-11 1.290789e-10 9349
26774.55 234088 1.00 4.980388e-11 6.159425e-11 1.326431e-10 9819
26776.36 234072 1.00 4.991439e-11 6.180063e-11 1.377277e-10 9756
26778.18 234056 1.00 4.984695e-11 6.182842e-11 1.445751e-10 9845
26780.00 234040 1.00 4.991980e-11 6.183010e-11 1.502695e-10 11294
26781.82 234024 1.00 4.998862e-11 6.158908e-11 1.574684e-10 8460
26783.64 234008 1.00 4.974897e-11 6.187226e-11 1.626080e-10 7711
26785.46 233992 1.00 4.968199e-11 6.154969e-11 1.671768e-10 7929
26787.28 233976 1.00 4.967098e-11 6.168616e-11 1.707146e-10 8027
26789.10 233960 1.00 4.963743e-11 6.156711e-11 1.726258e-10 7579
26790.91 233944 1.00 4.977410e-11 6.151207e-11 1.737495e-10 7441
26792.74 233928 1.00 4.971088e-11 6.121685e-11 1.715769e-10 8747
26794.56 233912 1.00 4.972445e-11 6.149276e-11 1.692931e-10 8437
26796.38 233896 1.00 4.974248e-11 6.148899e-11 1.657696e-10 8045
26798.20 233880 1.00 4.958311e-11 6.137692e-11 1.609172e-10 7248
26800.02 233864 1.00 4.961811e-11 6.145499e-11 1.571641e-10 8863
26801.84 233848 1.00 4.946946e-11 6.130280e-11 1.529414e-10 8368
26803.66 233832 1.00 4.950717e-11 6.132488e-11 1.514235e-10 8108
26805.48 233816 1.00 4.942729e-11 6.128221e-11 1.496215e-10 7996
26807.31 233800 1.00 4.920868e-11 6.107826e-11 1.490006e-10 8330
26809.13 233784 1.00 4.946161e-11 6.126174e-11 1.490091e-10 7616
26810.95 233768 1.00 4.928291e-11 6.087354e-11 1.494556e-10 8461
26812.77 233752 1.00 4.937381e-11 6.087626e-11 1.493485e-10 8336
26814.60 233736 1.00 4.934105e-11 6.126279e-11 1.496036e-10 8390
26816.42 233720 1.00 4.947451e-11 6.116919e-11 1.490883e-10 6634
26818.24 233704 1.00 4.939640e-11 6.118995e-11 1.490595e-10 6951
26820.07 233688 1.00 4.914978e-11 6.110151e-11 1.486191e-10 6763
26821.89 233672 1.00 4.931192e-11 6.096298e-11 1.477963e-10 6354
26823.72 233656 1.00 4.903458e-11 6.074461e-11 1.469493e-10 6398
26825.54 233640 1.00 4.910588e-11 6.085490e-11 1.464944e-10 6496
26827.37 233624 1.00 4.908954e-11 6.093679e-11 1.459167e-10 6420
26829.19 233608 1.00 4.915089e-11 6.103576e-11 1.461566e-10 6719
26831.02 233592 1.00 4.902844e-11 6.095172e-11 1.462253e-10 6494
26832.84 233576 1.00 4.903812e-11 6.068019e-11 1.469855e-10 6871
26834.67 233560 1.00 4.905301e-11 6.067963e-11 1.470853e-10 7237
26836.49 233544 1.00 4.901503e-11 6.079048e-11 1.477112e-10 9388
26838.32 233528 1.00 4.908905e-11 6.074265e-11 1.487984e-10 7174
26840.15 233512 1.00 4.900258e-11 6.080363e-11 1.495125e-10 8939
26841.97 233496 1.00 4.888367e-11 6.082000e-11 1.500456e-10 9114
26844.71 233472 1.01 4.863573e-11 6.065943e-11 1.512688e-10 9027
26847.46 233448 1.02 4.878497e-11 6.040123e-11 1.527117e-10 8293
26849.28 233432 1.03 4.892715e-11 6.028445e-11 1.529921e-10 9252
26852.03 233408 1.04 4.854084e-11 6.038474e-11 1.533990e-10 9021
26853.85 233392 1.05 4.867525e-11 6.036309e-11 1.535212e-10 10242
26856.60 233368 1.07 4.874895e-11 6.038695e-11 1.529262e-10 9416
26859.34 233344 1.08 4.844162e-11 6.012893e-11 1.529291e-10 9652
26862.09 233320 1.09 4.839063e-11 6.006552e-11 1.521214e-10 9975
26863.92 233304 1.10 4.850243e-11 5.988766e-11 1.517983e-10 9886
26866.66 233280 1.11 4.849914e-11 5.987457e-11 1.507631e-10 9908
26869.41 233256 1.12 4.826443e-11 5.997178e-11 1.498214e-10 10010
26872.15 233232 1.14 4.828660e-11 5.989659e-11 1.493005e-10 11323
26873.98 233216 1.14 4.834099e-11 5.951128e-11 1.485937e-10 11754
26876.73 233192 1.16 4.824974e-11 5.981797e-11 1.476938e-10 11580
26879.48 233168 1.17 4.818626e-11 5.965380e-11 1.469343e-10 11124
26882.23 233144 1.18 4.817364e-11 5.972167e-11 1.463549e-10 10620
26884.98 233120 1.19 4.800875e-11 5.931446e-11 1.454585e-10 10644
26887.73 233096 1.21 4.792016e-11 5.941658e-11 1.447739e-10 12474
26890.48 233072 1.22 4.798607e-11 5.982689e-11 1.451094e-10 11589
26893.23 233048 1.23 4.798407e-11 5.935103e-11 1.440454e-10 11868
26895.98 233024 1.24 4.792084e-11 5.932674e-11 1.438673e-10 11943
26898.73 233000 1.25 4.779079e-11 5.931999e-11 1.440679e-10 11802
26901.48 232976 1.27 4.785019e-11 5.896793e-11 1.438756e-10 12188
26904.24 232952 1.28 4.775717e-11 5.899811e-11 1.444039e-10 10950
26906.99 232928 1.29 4.754801e-11 5.900424e-11 1.444013e-10 12968
26909.75 232904 1.30 4.761260e-11 5.896628e-11 1.445885e-10 12958
26912.50 232880 1.32 4.757410e-11 5.873411e-11 1.451763e-10 13850
26915.26 232856 1.33 4.737519e-11 5.860240e-11 1.458111e-10 15544
26918.93 232824 1.34 4.745847e-11 5.863753e-11 1.463370e-10 14387
26921.69 232800 1.36 4.745507e-11 5.880147e-11 1.470523e-10 14565
26924.44 232776 1.37 4.740715e-11 5.863462e-11 1.471114e-10 14523
26927.20 232752 1.38 4.730312e-11 5.848699e-11 1.472023e-10 14711
26930.88 232720 1.40 4.719542e-11 5.821998e-11 1.472168e-10 15531
26933.64 232696 1.41 4.713484e-11 5.844999e-11 1.473467e-10 15155
26936.40 232672 1.42 4.700128e-11 5.829748e-11 1.467184e-10 18045
26939.16 232648 1.44 4.698297e-11 5.808180e-11 1.468978e-10 18048
26942.84 232616 1.45 4.683441e-11 5.810097e-11 1.461502e-10 17763
26945.60 232592 1.46 4.675356e-11 5.785922e-11 1.459466e-10 16769
26949.29 232560 1.48 4.639796e-11 5.768593e-11 1.455584e-10 16736
26952.05 232536 1.49 4.628378e-11 5.749374e-11 1.448514e-10 17651
26954.81 232512 1.51 4.626846e-11 5.706021e-11 1.443868e-10 17235
26958.50 232480 1.52 4.606125e-11 5.698061e-11 1.434205e-10 16966
26961.26 232456 1.53 4.609041e-11 5.670601e-11 1.436305e-10 17024
26964.95 232424 1.55 4.600802e-11 5.680145e-11 1.432569e-10 17248
26967.72 232400 1.56 4.592866e-11 5.673097e-11 1.432853e-10 17589
26971.41 232368 1.58 4.595497e-11 5.678372e-11 1.429727e-10 18269
26974.17 232344 1.59 4.589972e-11 5.677593e-11 1.428322e-10 18354
26977.86 232312 1.61 4.607901e-11 5.671931e-11 1.424798e-10 18170
26981.56 232280 1.63 4.590477e-11 5.696740e-11 1.423209e-10 18509
26984.33 232256 1.64 4.598740e-11 5.678179e-11 1.425559e-10 18770
26988.02 232224 1.65 4.613397e-11 5.716090e-11 1.449449e-10 18707
26991.71 232192 1.67 4.632041e-11 5.760307e-11 1.468256e-10 18764
26994.49 232168 1.68 4.645479e-11 5.743666e-11 1.474738e-10 19836
26998.18 232136 1.70 4.651415e-11 5.751929e-11 1.472929e-10 19259
27001.88 232104 1.72 4.654918e-11 5.750415e-11 1.468422e-10 19305
27004.65 232080 1.73 4.637956e-11 5.761272e-11 1.467898e-10 18822
27008.35 232048 1.75 4.636725e-11 5.759303e-11 1.466835e-10 19451
27012.05 232016 1.76 4.625728e-11 5.717854e-11 1.467313e-10 21320
27015.76 231984 1.78 4.608570e-11 5.699788e-11 1.469226e-10 19682
27019.46 231952 1.80 4.612372e-11 5.712830e-11 1.467037e-10 19272
27023.16 231920 1.81 4.594980e-11 5.682853e-11 1.465724e-10 19587
27025.94 231896 1.82 4.593637e-11 5.695906e-11 1.461904e-10 20131
27029.65 231864 1.84 4.571567e-11 5.667647e-11 1.465612e-10 19672
27033.35 231832 1.86 4.567421e-11 5.670255e-11 1.470757e-10 21253
27037.06 231800 1.87 4.564844e-11 5.658832e-11 1.469485e-10 20762
27040.77 231768 1.89 4.551261e-11 5.600646e-11 1.469534e-10 21173
27044.48 231736 1.91 4.550611e-11 5.632806e-11 1.466617e-10 21585
27048.19 231704 1.92 4.543452e-11 5.601748e-11 1.467559e-10 17749
27051.90 231672 1.94 4.532061e-11 5.596463e-11 1.466990e-10 17154
27055.61 231640 1.96 4.474692e-11 5.561941e-11 1.457677e-10 17671
27059.32 231608 1.97 4.456125e-11 5.521095e-11 1.449519e-10 17895
27063.04 231576 1.99 4.427202e-11 5.484350e-11 1.434369e-10 17545
27067.68 231536 2.01 4.436210e-11 5.458859e-11 1.422422e-10 18291
27071.40 231504 2.03 4.444870e-11 5.501406e-11 1.434309e-10 18547
27075.12 231472 2.05 4.469509e-11 5.530410e-11 1.445984e-10 18911
27078.84 231440 2.06 4.490280e-11 5.545945e-11 1.457831e-10 18487
27082.56 231408 2.08 4.487498e-11 5.559659e-11 1.457312e-10 18651
27086.28 231376 2.10 4.476735e-11 5.537661e-11 1.455179e-10 19144
27090.93 231336 2.12 4.471949e-11 5.526523e-11 1.449982e-10 23082
27094.65 231304 2.13 4.447911e-11 5.531285e-11 1.450279e-10 24020
27098.38 231272 2.15 4.448789e-11 5.515338e-11 1.443797e-10 23873
27103.04 231232 2.17 4.431967e-11 5.486157e-11 1.442954e-10 24797
27106.76 231200 2.19 4.354083e-11 5.385000e-11 1.420559e-10 22970
27110.49 231168 2.20 4.252990e-11 5.250901e-11 1.382990e-10 22918
27115.15 231128 2.22 4.317753e-11 5.334798e-11 1.408425e-10 23662
27118.88 231096 2.24 4.415504e-11 5.460063e-11 1.451963e-10 23849
27122.61 231064 2.26 4.413609e-11 5.463952e-11 1.448949e-10 22968
27127.28 231024 2.28 4.389877e-11 5.421205e-11 1.444771e-10 23376
27131.01 230992 2.30 4.390975e-11 5.416484e-11 1.449964e-10 25695
27135.68 230952 2.32 4.381613e-11 5.421254e-11 1.447139e-10 20954
27139.42 230920 2.33 4.387155e-11 5.411132e-11 1.450068e-10 20293
27144.09 230880 2.35 4.388355e-11 5.437243e-11 1.453457e-10 20557
27147.82 230848 2.37 4.374226e-11 5.398930e-11 1.449216e-10 21423
27152.50 230808 2.39 4.361327e-11 5.379052e-11 1.444925e-10 21616
27156.24 230776 2.41 4.328407e-11 5.364583e-11 1.439216e-10 21152
27160.92 230736 2.43 4.300918e-11 5.328558e-11 1.430387e-10 21049
27165.60 230696 2.45 4.315031e-11 5.340680e-11 1.438627e-10 21312
27169.34 230664 2.47 4.315758e-11 5.327550e-11 1.435416e-10 21832
27174.02 230624 2.49 4.290332e-11 5.289540e-11 1.432631e-10 22854
27178.70 230584 2.51 4.236681e-11 5.245648e-11 1.418886e-10 23323
27182.45 230552 2.53 4.202009e-11 5.164199e-11 1.397384e-10 23190
27187.14 230512 2.55 4.168939e-11 5.146870e-11 1.378806e-10 23557
27191.83 230472 2.57 4.205816e-11 5.205044e-11 1.410282e-10 24012
27196.52 230432 2.59 4.270729e-11 5.277228e-11 1.429389e-10 23897
27200.27 230400 2.61 4.275225e-11 5.290485e-11 1.433836e-10 29132
27204.96 230360 2.63 4.270852e-11 5.288686e-11 1.425985e-10 28778
27209.65 230320 2.65 4.252107e-11 5.270065e-11 1.425721e-10 27715
27214.35 230280 2.67 4.246716e-11 5.222250e-11 1.425390e-10 27619
27219.05 230240 2.69 4.238929e-11 5.236226e-11 1.424368e-10 26794
27223.75 230200 2.71 4.216008e-11 5.230343e-11 1.421530e-10 27866
27227.51 230168 2.73 4.208817e-11 5.205513e-11 1.419759e-10 28042
27232.21 230128 2.75 4.151605e-11 5.144505e-11 1.414012e-10 28113
27236.91 230088 2.77 4.122581e-11 5.062427e-11 1.388616e-10 27303
27241.62 230048 2.79 4.084234e-11 5.028160e-11 1.361039e-10 27181
27246.32 230008 2.81 4.080643e-11 5.026151e-11 1.345045e-10 28345
27251.03 229968 2.83 4.089248e-11 5.043084e-11 1.373922e-10 28601
27255.74 229928 2.86 4.107339e-11 5.072933e-11 1.396450e-10 28445
27260.45 229888 2.88 4.119850e-11 5.099050e-11 1.408867e-10 28606
27265.17 229848 2.90 4.156104e-11 5.158726e-11 1.421105e-10 29281
27270.83 229800 2.92 4.198896e-11 5.205926e-11 1.434275e-10 31454
27275.54 229760 2.94 4.218906e-11 5.191179e-11 1.431402e-10 32044
27280.26 229720 2.97 4.207469e-11 5.194617e-11 1.427537e-10 31783
27284.98 229680 2.99 4.195977e-11 5.169604e-11 1.426045e-10 30999
27289.70 229640 3.01 4.182117e-11 5.163546e-11 1.424055e-10 31675
27294.43 229600 3.03 4.178534e-11 5.138754e-11 1.418745e-10 31490
27299.15 229560 3.05 4.156207e-11 5.131986e-11 1.420003e-10 30171
27304.82 229512 3.08 4.165537e-11 5.122013e-11 1.416841e-10 29769
27309.55 229472 3.10 4.143169e-11 5.107404e-11 1.415053e-10 58767
27314.28 229432 3.12 4.124413e-11 5.095470e-11 1.414438e-10 36040
27319.02 229392 3.14 4.129747e-11 5.096428e-11 1.413677e-10 33791
27324.70 229344 3.16 4.112410e-11 5.083625e-11 1.412558e-10 32027
27329.43 229304 3.19 4.102673e-11 5.050612e-11 1.408878e-10 32313
27334.17 229264 3.21 4.088509e-11 5.048946e-11 1.406559e-10 38090
27339.86 229216 3.23 4.086426e-11 5.038166e-11 1.399455e-10 30186
27344.60 229176 3.25 4.066687e-11 5.022642e-11 1.399115e-10 30843
27350.29 229128 3.28 4.073257e-11 5.019260e-11 1.401900e-10 33514
27355.03 229088 3.30 4.055174e-11 5.015030e-11 1.396636e-10 34466
27359.78 229048 3.32 4.045229e-11 4.990132e-11 1.394370e-10 33053
27365.48 229000 3.35 4.039293e-11 4.984895e-11 1.394658e-10 35096
27370.23 228960 3.37 4.029145e-11 4.964661e-11 1.392285e-10 34884
27375.93 228912 3.39 4.011078e-11 4.948499e-11 1.391826e-10 33649
27380.69 228872 3.42 4.006307e-11 4.952686e-11 1.388693e-10 30185
27386.39 228824 3.44 4.004457e-11 4.944800e-11 1.388034e-10 30726
27392.10 228776 3.47 3.994330e-11 4.936228e-11 1.386651e-10 28895
27396.86 228736 3.49 3.988184e-11 4.922566e-11 1.384343e-10 28326
27402.57 228688 3.51 3.976374e-11 4.913825e-11 1.385343e-10 28230
27407.34 228648 3.54 3.973804e-11 4.897976e-11 1.383568e-10 27381
27413.05 228600 3.56 3.972698e-11 4.900485e-11 1.382166e-10 26764
27418.78 228552 3.59 3.957934e-11 4.881973e-11 1.380324e-10 30244
27423.54 228512 3.61 3.942205e-11 4.873663e-11 1.380208e-10 34190
27429.27 228464 3.63 3.943460e-11 4.871987e-11 1.380363e-10 34043
27435.00 228416 3.66 3.935426e-11 4.850093e-11 1.378883e-10 35065
27439.77 228376 3.68 3.935230e-11 4.843768e-11 1.377288e-10 35453
27445.50 228328 3.71 3.922772e-11 4.843803e-11 1.373731e-10 41990
27451.24 228280 3.73 3.907749e-11 4.828090e-11 1.372526e-10 42400
27456.97 228232 3.76 3.903522e-11 4.812772e-11 1.372603e-10 36952
27462.71 228184 3.78 3.891506e-11 4.806499e-11 1.369079e-10 35817
27467.50 228144 3.80 3.882103e-11 4.793084e-11 1.368241e-10 39058
27473.24 228096 3.83 3.879827e-11 4.788511e-11 1.366496e-10 46943
27478.98 228048 3.86 3.867287e-11 4.772754e-11 1.363940e-10 40457
27484.73 228000 3.88 3.860914e-11 4.761594e-11 1.364425e-10 40331
27490.48 227952 3.91 3.854115e-11 4.747640e-11 1.362504e-10 41427
27496.24 227904 3.93 3.848616e-11 4.749973e-11 1.359669e-10 41525
27501.99 227856 3.96 3.843626e-11 4.732582e-11 1.357683e-10 41469
27507.75 227808 3.99 3.817504e-11 4.711074e-11 1.357507e-10 40550
