9359.03 351224 1.00 5.793441e-09 1.302387e-09 1.640412e-09 1758
9369.12 350840 1.00 5.794819e-09 1.302035e-09 1.639527e-09 1810
9379.02 350464 1.00 5.790038e-09 1.303951e-09 1.647794e-09 1697
9389.15 350080 1.00 5.783837e-09 1.307805e-09 1.663178e-09 1943
9399.09 349704 1.00 5.776795e-09 1.311346e-09 1.678341e-09 1732
9409.06 349328 1.00 5.769950e-09 1.316809e-09 1.695851e-09 1956
9419.04 348952 1.00 5.766666e-09 1.321622e-09 1.713934e-09 1801
9429.05 348576 1.00 5.758330e-09 1.325442e-09 1.729544e-09 1933
9439.08 348200 1.00 5.755509e-09 1.330883e-09 1.748284e-09 1923
9449.13 347824 1.00 5.728874e-09 1.330360e-09 1.758916e-09 2033
9458.99 347456 1.00 5.737247e-09 1.338963e-09 1.782210e-09 1965
9469.09 347080 1.00 5.730922e-09 1.343784e-09 1.800549e-09 2006
9478.99 346712 1.00 5.727063e-09 1.347176e-09 1.816756e-09 2010
9489.13 346336 1.00 5.718376e-09 1.351066e-09 1.832172e-09 2101
9499.08 345968 1.00 5.708005e-09 1.354682e-09 1.850001e-09 1989
9509.04 345600 1.00 5.697594e-09 1.359131e-09 1.866801e-09 2101
9519.03 345232 1.00 5.688372e-09 1.361781e-09 1.882876e-09 2075
9529.04 344864 1.00 5.691194e-09 1.368509e-09 1.902820e-09 2215
9539.07 344496 1.00 5.679001e-09 1.370548e-09 1.917958e-09 2165
9549.12 344128 1.00 5.669561e-09 1.373841e-09 1.935627e-09 2209
9559.20 343760 1.00 5.649560e-09 1.374142e-09 1.948295e-09 2287
9569.07 343400 1.00 4.838743e-09 1.179992e-09 1.675683e-09 2035
9579.19 343032 1.00 5.661725e-09 1.387574e-09 1.988043e-09 2412
9589.11 342672 1.00 5.656762e-09 1.391583e-09 2.005423e-09 2595
9599.05 342312 1.00 5.648506e-09 1.395139e-09 2.020696e-09 2535
9609.01 341952 1.00 5.642490e-09 1.397332e-09 2.031653e-09 2880
9618.99 341592 1.00 5.634973e-09 1.400011e-09 2.041167e-09 3085
9628.99 341232 1.00 5.630394e-09 1.400741e-09 2.045592e-09 3352
9630.10 341192 1.00 5.630744e-09 1.400212e-09 2.044875e-09 3422
9630.55 341176 1.00 5.630156e-09 1.400615e-09 2.043806e-09 3444
9630.99 341160 1.00 5.630018e-09 1.401053e-09 2.044569e-09 3433
9631.44 341144 1.00 5.628614e-09 1.400440e-09 2.043473e-09 3492
9631.88 341128 1.00 5.628145e-09 1.400051e-09 2.043904e-09 3474
9632.33 341112 1.00 5.628451e-09 1.400236e-09 2.043419e-09 3606
9632.77 341096 1.00 5.628670e-09 1.399716e-09 2.043349e-09 3487
9633.22 341080 1.00 5.630048e-09 1.400153e-09 2.041797e-09 3681
9633.67 341064 1.00 5.629454e-09 1.401323e-09 2.042272e-09 3576
9634.11 341048 1.00 5.626458e-09 1.400210e-09 2.040425e-09 3782
9634.56 341032 1.00 5.627788e-09 1.399846e-09 2.040316e-09 3717
9635.00 341016 1.00 5.628838e-09 1.399795e-09 2.039898e-09 3765
9635.45 341000 1.00 5.626803e-09 1.399127e-09 2.038831e-09 3749
9635.89 340984 1.00 5.624942e-09 1.399436e-09 2.037311e-09 3847
9636.34 340968 1.00 5.625478e-09 1.398098e-09 2.035965e-09 3784
9636.78 340952 1.00 5.624911e-09 1.397743e-09 2.034878e-09 3912
9637.23 340936 1.00 5.624419e-09 1.397927e-09 2.034085e-09 3756
9637.68 340920 1.00 5.624192e-09 1.397980e-09 2.032953e-09 4012
9638.12 340904 1.00 5.622786e-09 1.397298e-09 2.031293e-09 3992
9638.57 340888 1.00 5.623513e-09 1.397894e-09 2.029362e-09 4036
9639.01 340872 1.00 5.621974e-09 1.397119e-09 2.028372e-09 4122
9639.46 340856 1.00 5.621166e-09 1.397308e-09 2.027408e-09 4174
9639.91 340840 1.00 5.620452e-09 1.396605e-09 2.024625e-09 4127
9640.35 340824 1.00 5.620848e-09 1.396005e-09 2.023846e-09 4157
9640.80 340808 1.00 5.619087e-09 1.394520e-09 2.021725e-09 4370
9641.24 340792 1.00 5.620151e-09 1.395780e-09 2.019653e-09 4342
9641.69 340776 1.00 5.619244e-09 1.394478e-09 2.018000e-09 4455
9642.14 340760 1.00 5.619917e-09 1.393949e-09 2.016057e-09 4596
9642.58 340744 1.00 5.618980e-09 1.392884e-09 2.011261e-09 4551
9643.03 340728 1.00 5.618433e-09 1.392727e-09 2.008478e-09 4513
9643.48 340712 1.00 5.618653e-09 1.391338e-09 2.006691e-09 4730
9643.92 340696 1.00 5.617836e-09 1.391608e-09 2.002413e-09 4812
9644.37 340680 1.00 5.616146e-09 1.390206e-09 1.998112e-09 4986
9644.82 340664 1.00 5.614930e-09 1.388976e-09 1.994002e-09 5087
9645.26 340648 1.00 5.615082e-09 1.388102e-09 1.989590e-09 5199
9645.71 340632 1.00 5.613660e-09 1.387241e-09 1.985801e-09 5261
9646.16 340616 1.00 5.614150e-09 1.386600e-09 1.981204e-09 5407
9646.60 340600 1.00 5.615250e-09 1.386151e-09 1.976033e-09 5477
9647.05 340584 1.00 5.613132e-09 1.383938e-09 1.969445e-09 5708
9647.50 340568 1.00 5.614335e-09 1.383940e-09 1.965413e-09 5724
9647.94 340552 1.00 5.614289e-09 1.381763e-09 1.956894e-09 5846
9648.39 340536 1.00 5.615372e-09 1.380698e-09 1.952715e-09 6257
9648.84 340520 1.00 5.614393e-09 1.379770e-09 1.942839e-09 6244
9649.28 340504 1.00 5.612610e-09 1.377043e-09 1.935492e-09 6451
9649.73 340488 1.00 5.612085e-09 1.375593e-09 1.924089e-09 6572
9650.18 340472 1.00 5.613022e-09 1.374135e-09 1.915035e-09 7022
9650.62 340456 1.00 5.612202e-09 1.370858e-09 1.900335e-09 7207
9651.07 340440 1.00 5.611609e-09 1.369518e-09 1.890643e-09 7412
9651.52 340424 1.00 5.612116e-09 1.366774e-09 1.874438e-09 7801
9651.97 340408 1.00 5.611637e-09 1.364505e-09 1.869070e-09 8180
9652.41 340392 1.00 5.611890e-09 1.359684e-09 1.844195e-09 8424
9652.86 340376 1.00 5.612219e-09 1.359303e-09 1.838869e-09 8800
9653.31 340360 1.00 5.611161e-09 1.355526e-09 1.818131e-09 9126
9653.75 340344 1.00 5.611578e-09 1.351925e-09 1.793845e-09 9794
9654.20 340328 1.00 5.609742e-09 1.345841e-09 1.757701e-09 10435
9654.65 340312 1.00 5.609710e-09 1.340293e-09 1.719829e-09 11410
9655.10 340296 1.00 5.607477e-09 1.331182e-09 1.664149e-09 12843
9655.54 340280 1.00 5.607131e-09 1.323578e-09 1.611715e-09 14240
9655.99 340264 1.00 5.605937e-09 1.311331e-09 1.523291e-09 16763
9656.44 340248 1.00 5.607419e-09 1.304010e-09 1.458064e-09 18243
9656.89 340232 1.00 5.605406e-09 1.289194e-09 1.335648e-09 21757
9657.34 340216 1.00 5.605672e-09 1.273386e-09 1.222968e-09 25128
9657.78 340200 1.00 5.602567e-09 1.251137e-09 1.073666e-09 29868
9658.23 340184 1.00 5.602879e-09 1.221210e-09 9.198218e-10 34082
9658.68 340168 1.00 5.599258e-09 1.185502e-09 7.854435e-10 37702
9659.13 340152 1.00 5.601084e-09 1.148040e-09 6.868321e-10 39863
9659.57 340136 1.00 5.600077e-09 1.110529e-09 6.133616e-10 41074
9660.02 340120 1.00 5.598099e-09 1.035763e-09 5.158585e-10 40935
9660.47 340104 1.00 5.595868e-09 9.797176e-10 4.643504e-10 40419
9660.92 340088 1.00 5.595503e-09 9.040855e-10 4.065251e-10 38659
9661.37 340072 1.00 5.593209e-09 8.138545e-10 3.489403e-10 35588
9661.81 340056 1.00 5.592557e-09 7.049232e-10 2.889478e-10 31695
9662.26 340040 1.00 5.586616e-09 6.010496e-10 2.377124e-10 27759
9662.71 340024 1.00 5.583341e-09 5.121945e-10 1.973250e-10 23970
9663.16 340008 1.00 5.577792e-09 4.171593e-10 1.569252e-10 20098
9663.61 339992 1.00 5.569373e-09 3.556180e-10 1.315245e-10 17207
9664.06 339976 1.00 5.547240e-09 3.115972e-10 1.121913e-10 15243
9664.50 339960 1.00 5.511377e-09 2.937033e-10 1.036696e-10 14680
9664.95 339944 1.00 5.468060e-09 2.886156e-10 9.919107e-11 14483
9665.40 339928 1.00 5.447753e-09 2.913180e-10 9.781211e-11 14834
9665.85 339912 1.00 5.455165e-09 2.983145e-10 9.756965e-11 14959
9666.30 339896 1.00 5.492065e-09 3.040907e-10 9.726932e-11 15625
9666.75 339880 1.00 5.547521e-09 3.066077e-10 9.601747e-11 16055
9667.20 339864 1.00 5.572010e-09 3.057320e-10 9.414208e-11 15872
9667.64 339848 1.00 5.571446e-09 3.070905e-10 9.325276e-11 16481
9668.09 339832 1.00 5.571714e-09 3.106278e-10 9.376384e-11 16586
9668.54 339816 1.00 5.569360e-09 3.191285e-10 9.631472e-11 16422
9668.99 339800 1.00 5.570818e-09 3.266251e-10 9.935946e-11 17561
9669.44 339784 1.00 5.569207e-09 3.405128e-10 1.059180e-10 17748
9669.89 339768 1.00 5.568507e-09 3.507895e-10 1.114661e-10 18150
9670.34 339752 1.00 5.571299e-09 3.611617e-10 1.178266e-10 18267
9670.79 339736 1.00 5.572076e-09 3.703503e-10 1.237257e-10 18603
9671.23 339720 1.00 5.571055e-09 3.792013e-10 1.297907e-10 18818
9671.68 339704 1.00 5.572685e-09 3.835634e-10 1.340328e-10 18809
9672.13 339688 1.00 5.570834e-09 3.855126e-10 1.372676e-10 19179
9672.58 339672 1.00 5.569719e-09 3.838255e-10 1.382645e-10 18776
9673.03 339656 1.00 5.570334e-09 3.805347e-10 1.381430e-10 18391
9673.48 339640 1.00 5.571703e-09 3.749759e-10 1.377326e-10 17828
9673.93 339624 1.00 5.570710e-09 3.703994e-10 1.371006e-10 17797
9674.38 339608 1.00 5.569885e-09 3.680337e-10 1.363190e-10 17862
9674.83 339592 1.00 5.570053e-09 3.671246e-10 1.354731e-10 17681
9675.28 339576 1.00 5.569503e-09 3.669578e-10 1.359338e-10 17782
9675.73 339560 1.00 5.568433e-09 3.680506e-10 1.362375e-10 17846
9676.18 339544 1.00 5.569823e-09 3.700034e-10 1.367034e-10 17913
9676.63 339528 1.00 5.569076e-09 3.716881e-10 1.375144e-10 17866
9677.08 339512 1.00 5.568282e-09 3.743102e-10 1.386246e-10 18137
9677.53 339496 1.00 5.567513e-09 3.762512e-10 1.396551e-10 18137
9677.98 339480 1.00 5.566987e-09 3.783413e-10 1.411510e-10 18459
9678.43 339464 1.00 5.567024e-09 3.792913e-10 1.421261e-10 18057
9678.87 339448 1.00 5.566627e-09 3.822946e-10 1.438249e-10 18378
9679.32 339432 1.00 5.565946e-09 3.851185e-10 1.456336e-10 18459
9679.77 339416 1.00 5.565461e-09 3.890902e-10 1.478450e-10 18483
9680.22 339400 1.00 5.564547e-09 3.931756e-10 1.504237e-10 18756
9680.67 339384 1.00 5.563880e-09 4.001278e-10 1.530967e-10 18958
9681.12 339368 1.00 5.564837e-09 4.048961e-10 1.554034e-10 18984
9681.57 339352 1.00 5.565269e-09 4.149705e-10 1.597027e-10 19580
9682.02 339336 1.00 5.564192e-09 4.200404e-10 1.612709e-10 19797
9682.47 339320 1.00 5.562180e-09 4.309965e-10 1.659074e-10 20308
9682.92 339304 1.00 5.563624e-09 4.359459e-10 1.677558e-10 20424
9683.37 339288 1.00 5.562400e-09 4.468485e-10 1.721962e-10 21428
9683.82 339272 1.00 5.561783e-09 4.527954e-10 1.741439e-10 21415
9684.28 339256 1.00 5.560867e-09 4.625500e-10 1.776483e-10 22019
9684.73 339240 1.00 5.561279e-09 4.697787e-10 1.801009e-10 22194
9685.18 339224 1.00 5.560467e-09 4.749366e-10 1.823940e-10 22293
9685.63 339208 1.00 5.560191e-09 4.830783e-10 1.846745e-10 23110
9686.08 339192 1.00 5.560508e-09 4.878645e-10 1.862815e-10 23085
9686.53 339176 1.00 5.560147e-09 4.938315e-10 1.880673e-10 23615
9686.98 339160 1.00 5.558950e-09 4.990894e-10 1.894354e-10 23668
9687.43 339144 1.00 5.558666e-09 5.037791e-10 1.905611e-10 23855
9687.88 339128 1.00 5.558337e-09 5.073647e-10 1.912869e-10 23967
9688.33 339112 1.00 5.558391e-09 5.107391e-10 1.915516e-10 24692
9688.78 339096 1.00 5.557727e-09 5.121841e-10 1.917708e-10 24632
9689.23 339080 1.00 5.556447e-09 5.139945e-10 1.911971e-10 24595
9689.68 339064 1.00 5.556654e-09 5.133709e-10 1.910593e-10 24738
9690.13 339048 1.00 5.556667e-09 5.136006e-10 1.902333e-10 24743
9690.58 339032 1.00 5.555834e-09 5.131893e-10 1.892450e-10 24797
9691.03 339016 1.00 5.554645e-09 5.119569e-10 1.882490e-10 24903
9691.48 339000 1.00 5.555682e-09 5.112005e-10 1.872977e-10 24814
9691.94 338984 1.00 5.554238e-09 5.090517e-10 1.864590e-10 24706
9692.39 338968 1.00 5.553259e-09 5.080615e-10 1.850831e-10 24869
9692.84 338952 1.00 5.553709e-09 5.059062e-10 1.841289e-10 24785
9693.29 338936 1.00 5.552439e-09 5.046559e-10 1.835475e-10 24507
9693.74 338920 1.00 5.550691e-09 5.017116e-10 1.818866e-10 24494
9694.19 338904 1.00 5.549920e-09 5.000563e-10 1.808717e-10 24580
9694.64 338888 1.00 5.548152e-09 4.968212e-10 1.800689e-10 24259
9695.09 338872 1.00 5.546142e-09 4.942397e-10 1.792810e-10 24290
9695.55 338856 1.00 5.539736e-09 4.909923e-10 1.778945e-10 23799
9696.00 338840 1.00 5.534626e-09 4.886189e-10 1.770430e-10 23923
9696.45 338824 1.00 5.524992e-09 4.842645e-10 1.753466e-10 23726
9696.90 338808 1.00 5.522277e-09 4.824584e-10 1.749836e-10 23678
9697.35 338792 1.00 5.523431e-09 4.793106e-10 1.740492e-10 23205
9697.80 338776 1.00 5.525570e-09 4.778455e-10 1.734667e-10 23730
9698.25 338760 1.00 5.533225e-09 4.756966e-10 1.728450e-10 23421
9698.71 338744 1.00 5.538348e-09 4.746302e-10 1.727497e-10 23156
9699.16 338728 1.00 5.545010e-09 4.719969e-10 1.720831e-10 23094
9699.61 338712 1.00 5.547935e-09 4.687525e-10 1.710631e-10 23135
9700.06 338696 1.00 5.546512e-09 4.655342e-10 1.701334e-10 22814
9700.51 338680 1.00 5.546292e-09 4.627762e-10 1.695660e-10 22593
9700.96 338664 1.00 5.544305e-09 4.600579e-10 1.691141e-10 22309
9701.42 338648 1.00 5.545889e-09 4.576477e-10 1.682967e-10 22330
9701.87 338632 1.00 5.542618e-09 4.545899e-10 1.675199e-10 22123
9702.32 338616 1.00 5.541831e-09 4.528446e-10 1.673387e-10 22159
9702.77 338600 1.00 5.541667e-09 4.506786e-10 1.667202e-10 21983
9703.22 338584 1.00 5.542931e-09 4.493890e-10 1.659703e-10 21470
9703.68 338568 1.00 5.542927e-09 4.479508e-10 1.658197e-10 22256
9704.13 338552 1.00 5.541964e-09 4.464542e-10 1.655505e-10 21902
9704.58 338536 1.00 5.542464e-09 4.458239e-10 1.654340e-10 21789
9705.03 338520 1.00 5.539581e-09 4.445690e-10 1.647045e-10 21693
9705.49 338504 1.00 5.539012e-09 4.440022e-10 1.644048e-10 21805
9705.94 338488 1.00 5.539025e-09 4.435400e-10 1.643134e-10 21389
9706.39 338472 1.00 5.539030e-09 4.430770e-10 1.646814e-10 21575
9706.84 338456 1.00 5.538623e-09 4.428923e-10 1.644699e-10 21522
9707.29 338440 1.00 5.536897e-09 4.432119e-10 1.643058e-10 21671
9707.75 338424 1.00 5.537750e-09 4.428752e-10 1.643560e-10 21975
9708.20 338408 1.00 5.535487e-09 4.433175e-10 1.641548e-10 21501
9708.65 338392 1.00 5.534550e-09 4.430176e-10 1.640813e-10 21536
9709.11 338376 1.00 5.534879e-09 4.431386e-10 1.637604e-10 21722
9709.56 338360 1.00 5.534845e-09 4.429874e-10 1.634612e-10 21927
9710.01 338344 1.00 5.534264e-09 4.432657e-10 1.629787e-10 22008
9710.46 338328 1.00 5.533528e-09 4.434250e-10 1.628622e-10 21632
9710.92 338312 1.00 5.532952e-09 4.434274e-10 1.627768e-10 21701
9711.37 338296 1.00 5.533151e-09 4.428308e-10 1.619753e-10 21718
9711.82 338280 1.00 5.531222e-09 4.428543e-10 1.617279e-10 21824
9712.27 338264 1.00 5.531338e-09 4.419607e-10 1.607361e-10 21817
9712.73 338248 1.00 5.530609e-09 4.404461e-10 1.599281e-10 21851
9713.18 338232 1.00 5.531939e-09 4.397479e-10 1.594436e-10 21638
9713.63 338216 1.00 5.529857e-09 4.388064e-10 1.587275e-10 21924
9714.09 338200 1.00 5.529164e-09 4.364813e-10 1.579410e-10 21598
9714.54 338184 1.00 5.528004e-09 4.346811e-10 1.571561e-10 21612
9714.99 338168 1.00 5.527833e-09 4.330210e-10 1.565232e-10 21748
9715.45 338152 1.00 5.526085e-09 4.303588e-10 1.558874e-10 21406
9715.90 338136 1.00 5.526985e-09 4.280500e-10 1.550929e-10 21287
9716.35 338120 1.00 5.525556e-09 4.256058e-10 1.544157e-10 20976
9716.81 338104 1.00 5.526717e-09 4.225896e-10 1.538979e-10 20855
9717.26 338088 1.00 5.525418e-09 4.202858e-10 1.532608e-10 20725
9717.71 338072 1.00 5.523718e-09 4.180177e-10 1.521986e-10 20645
9718.17 338056 1.00 5.523120e-09 4.157726e-10 1.520372e-10 20424
9718.62 338040 1.00 5.524516e-09 4.132002e-10 1.514877e-10 20483
9719.07 338024 1.00 5.522502e-09 4.110273e-10 1.509822e-10 20477
9719.53 338008 1.00 5.522144e-09 4.094842e-10 1.501338e-10 20212
9719.98 337992 1.00 5.521015e-09 4.071576e-10 1.495810e-10 20330
9720.43 337976 1.00 5.519577e-09 4.058979e-10 1.492581e-10 20024
9720.89 337960 1.00 5.517136e-09 4.044052e-10 1.489015e-10 19876
9721.34 337944 1.00 5.516440e-09 4.030463e-10 1.480985e-10 20322
9721.80 337928 1.00 5.512288e-09 4.014318e-10 1.477979e-10 19893
9722.25 337912 1.00 5.499791e-09 3.993251e-10 1.468871e-10 19826
9722.70 337896 1.00 5.477910e-09 3.973876e-10 1.462551e-10 19879
9723.16 337880 1.00 5.467853e-09 3.956214e-10 1.456063e-10 19573
9723.61 337864 1.00 5.470922e-09 3.950563e-10 1.455625e-10 19909
9724.07 337848 1.00 5.486184e-09 3.964317e-10 1.462525e-10 19726
9724.52 337832 1.00 5.508606e-09 3.976630e-10 1.461882e-10 19750
9724.97 337816 1.00 5.521642e-09 3.982245e-10 1.466364e-10 19839
9725.43 337800 1.00 5.520996e-09 3.987902e-10 1.468862e-10 19929
9725.88 337784 1.00 5.520356e-09 3.988808e-10 1.463909e-10 20157
9726.34 337768 1.00 5.519725e-09 3.988339e-10 1.467736e-10 19848
9726.79 337752 1.00 5.518685e-09 4.001352e-10 1.468095e-10 20186
9727.25 337736 1.00 5.517608e-09 4.001256e-10 1.469205e-10 20072
9727.70 337720 1.00 5.518193e-09 4.007682e-10 1.470448e-10 19905
9728.15 337704 1.00 5.517701e-09 4.014834e-10 1.470295e-10 20121
9728.61 337688 1.00 5.516449e-09 4.026916e-10 1.473340e-10 20410
9729.06 337672 1.00 5.517666e-09 4.032898e-10 1.474783e-10 20097
9729.52 337656 1.00 5.516374e-09 4.041002e-10 1.473713e-10 20098
9729.97 337640 1.00 5.515835e-09 4.048639e-10 1.474968e-10 20292
9730.43 337624 1.00 5.515279e-09 4.058312e-10 1.477843e-10 20406
9730.88 337608 1.00 5.516788e-09 4.061808e-10 1.479175e-10 20369
9731.34 337592 1.00 5.515798e-09 4.078256e-10 1.482466e-10 20441
9731.79 337576 1.00 5.516130e-09 4.088345e-10 1.483455e-10 20589
9732.25 337560 1.00 5.513484e-09 4.096674e-10 1.486821e-10 20550
9732.70 337544 1.00 5.512741e-09 4.114700e-10 1.489393e-10 20645
9733.16 337528 1.00 5.512656e-09 4.131411e-10 1.491790e-10 20958
9733.61 337512 1.00 5.513151e-09 4.142217e-10 1.495773e-10 20887
9734.07 337496 1.00 5.513360e-09 4.157544e-10 1.499602e-10 21128
9734.52 337480 1.00 5.511444e-09 4.173153e-10 1.504904e-10 21049
9734.98 337464 1.00 5.511379e-09 4.189223e-10 1.509586e-10 21280
9735.43 337448 1.00 5.509183e-09 4.206694e-10 1.513586e-10 21096
9735.89 337432 1.00 5.509289e-09 4.224091e-10 1.522308e-10 21528
9736.34 337416 1.00 5.508783e-09 4.239619e-10 1.525668e-10 21781
9736.80 337400 1.00 5.503878e-09 4.246468e-10 1.530702e-10 21567
9737.25 337384 1.00 5.491745e-09 4.260440e-10 1.531941e-10 21728
9737.71 337368 1.00 5.480289e-09 4.262061e-10 1.533645e-10 21519
9738.16 337352 1.00 5.461838e-09 4.257689e-10 1.538123e-10 21477
9738.62 337336 1.00 5.458332e-09 4.271078e-10 1.541245e-10 21513
9739.07 337320 1.00 5.464263e-09 4.295550e-10 1.550509e-10 21935
9740.21 337280 1.00 5.502347e-09 4.369635e-10 1.587446e-10 21972
9742.04 337216 1.01 5.503867e-09 4.415445e-10 1.613366e-10 22676
9743.86 337152 1.01 5.505390e-09 4.460312e-10 1.647155e-10 22700
9745.68 337088 1.02 5.504056e-09 4.489467e-10 1.674508e-10 22715
9747.51 337024 1.03 5.501921e-09 4.520770e-10 1.692208e-10 23116
9749.56 336952 1.04 5.501395e-09 4.543465e-10 1.714374e-10 23493
9751.39 336888 1.04 5.502091e-09 4.553759e-10 1.727466e-10 23928
9753.44 336816 1.05 5.496287e-09 4.558582e-10 1.735161e-10 23559
9755.50 336744 1.06 5.497924e-09 4.564053e-10 1.748316e-10 23818
9757.33 336680 1.06 5.496363e-09 4.559607e-10 1.754090e-10 24265
9759.39 336608 1.07 5.493482e-09 4.553313e-10 1.757234e-10 23993
9761.45 336536 1.08 5.492270e-09 4.541809e-10 1.757755e-10 24420
9763.51 336464 1.09 5.490393e-09 4.529315e-10 1.739381e-10 24116
9765.57 336392 1.09 5.488945e-09 4.507940e-10 1.729052e-10 24541
9767.63 336320 1.10 5.487052e-09 4.498646e-10 1.720000e-10 24711
9769.92 336240 1.11 5.482938e-09 4.479142e-10 1.701253e-10 25148
9771.98 336168 1.12 5.482563e-09 4.467086e-10 1.690845e-10 25233
9774.28 336088 1.13 5.479865e-09 4.455868e-10 1.674957e-10 25347
9776.34 336016 1.13 5.477335e-09 4.453197e-10 1.668492e-10 25485
9778.64 335936 1.14 5.471077e-09 4.441069e-10 1.657669e-10 25944
9780.93 335856 1.15 5.471314e-09 4.433113e-10 1.653543e-10 26116
9783.00 335784 1.16 5.469544e-09 4.430704e-10 1.660903e-10 26249
9785.30 335704 1.17 5.468555e-09 4.425154e-10 1.661421e-10 26336
9787.60 335624 1.17 5.468174e-09 4.422250e-10 1.662340e-10 26687
9789.90 335544 1.18 5.465764e-09 4.418763e-10 1.666157e-10 26750
9792.21 335464 1.19 5.464904e-09 4.421292e-10 1.667828e-10 26849
9794.74 335376 1.20 5.463006e-09 4.418585e-10 1.673184e-10 26980
9797.04 335296 1.21 5.462184e-09 4.426093e-10 1.681532e-10 27248
9799.35 335216 1.22 5.459035e-09 4.424423e-10 1.684271e-10 27514
9801.89 335128 1.23 5.457116e-09 4.434542e-10 1.694875e-10 27729
9804.20 335048 1.24 5.453736e-09 4.437765e-10 1.708128e-10 28124
9806.74 334960 1.24 5.453275e-09 4.444835e-10 1.717604e-10 28254
9809.28 334872 1.25 5.450478e-09 4.455646e-10 1.734223e-10 28451
9811.82 334784 1.26 5.450394e-09 4.458025e-10 1.747058e-10 28839
9814.13 334704 1.27 5.447713e-09 4.467444e-10 1.758642e-10 28791
9816.68 334616 1.28 5.445814e-09 4.471003e-10 1.772034e-10 28859
9819.46 334520 1.29 5.443622e-09 4.482490e-10 1.775691e-10 29455
9822.01 334432 1.30 5.444025e-09 4.489011e-10 1.772533e-10 29770
9824.56 334344 1.31 5.439723e-09 4.497159e-10 1.769088e-10 30437
9827.11 334256 1.32 5.436753e-09 4.511415e-10 1.771192e-10 30715
9829.89 334160 1.33 5.434242e-09 4.528255e-10 1.773592e-10 31394
9832.45 334072 1.34 5.434192e-09 4.536286e-10 1.775644e-10 31651
9835.23 333976 1.35 5.431978e-09 4.553966e-10 1.786463e-10 31676
9837.79 333888 1.36 5.429861e-09 4.569753e-10 1.793196e-10 32221
9840.58 333792 1.37 5.427441e-09 4.588348e-10 1.803307e-10 32726
9843.37 333696 1.38 5.425651e-09 4.599501e-10 1.813379e-10 33086
9846.17 333600 1.39 5.423666e-09 4.612286e-10 1.819094e-10 32962
9848.96 333504 1.40 5.421973e-09 4.628895e-10 1.828181e-10 33600
9851.76 333408 1.41 5.418277e-09 4.641272e-10 1.836325e-10 34607
9854.56 333312 1.42 5.415396e-09 4.649748e-10 1.841448e-10 35127
9857.36 333216 1.43 5.413372e-09 4.662372e-10 1.845343e-10 35388
9860.39 333112 1.44 5.409030e-09 4.670622e-10 1.857314e-10 34955
9863.20 333016 1.45 5.405950e-09 4.670732e-10 1.861917e-10 35712
9866.00 332920 1.46 5.402283e-09 4.670768e-10 1.870681e-10 36064
9869.04 332816 1.47 5.400451e-09 4.670035e-10 1.878603e-10 36178
9872.09 332712 1.48 5.399452e-09 4.667239e-10 1.885562e-10 36493
9874.90 332616 1.49 5.394836e-09 4.665895e-10 1.893443e-10 36686
9877.94 332512 1.51 5.393040e-09 4.660536e-10 1.899657e-10 36608
9880.99 332408 1.52 5.390189e-09 4.659841e-10 1.911196e-10 37155
9884.04 332304 1.53 5.388940e-09 4.659370e-10 1.915117e-10 37637
9887.10 332200 1.54 5.384966e-09 4.662066e-10 1.923034e-10 37897
9890.15 332096 1.55 5.383352e-09 4.666948e-10 1.928237e-10 38349
9893.21 331992 1.56 5.380696e-09 4.669506e-10 1.931559e-10 38525
9896.26 331888 1.57 5.377052e-09 4.670738e-10 1.934804e-10 38929
9899.56 331776 1.58 5.363122e-09 4.674428e-10 1.937162e-10 38949
9902.62 331672 1.60 5.372687e-09 4.697981e-10 1.946964e-10 39589
9905.92 331560 1.61 5.368219e-09 4.708651e-10 1.951766e-10 40107
9908.99 331456 1.62 5.367253e-09 4.723483e-10 1.962912e-10 40687
9912.29 331344 1.63 5.364783e-09 4.731154e-10 1.971352e-10 41308
9915.60 331232 1.64 5.360162e-09 4.746164e-10 1.981322e-10 41431
9918.67 331128 1.65 5.357160e-09 4.756122e-10 1.987009e-10 41677
9921.98 331016 1.67 5.353508e-09 4.759853e-10 1.996436e-10 42060
9925.30 330904 1.68 5.349620e-09 4.771082e-10 2.001366e-10 42883
9928.61 330792 1.69 5.347697e-09 4.783119e-10 2.010568e-10 43296
9932.17 330672 1.70 5.344027e-09 4.790573e-10 2.019403e-10 43909
9935.49 330560 1.72 5.339427e-09 4.796682e-10 2.027196e-10 44031
9938.81 330448 1.73 5.324588e-09 4.799464e-10 2.032567e-10 44563
9942.13 330336 1.74 5.313590e-09 4.809846e-10 2.040735e-10 44781
9945.70 330216 1.75 5.337865e-09 4.842554e-10 2.061158e-10 45788
9949.03 330104 1.77 5.334116e-09 4.851438e-10 2.076430e-10 46419
9952.60 329984 1.78 5.294303e-09 4.834411e-10 2.073255e-10 46345
9956.17 329864 1.79 5.324829e-09 4.879896e-10 2.100319e-10 47199
9959.50 329752 1.80 5.322693e-09 4.893399e-10 2.113296e-10 47678
9963.08 329632 1.82 5.318818e-09 4.903836e-10 2.124876e-10 47864
9966.66 329512 1.83 5.314058e-09 4.912251e-10 2.140898e-10 48407
9970.24 329392 1.84 5.310230e-09 4.914759e-10 2.152360e-10 48542
9973.83 329272 1.86 5.308136e-09 4.926261e-10 2.162940e-10 49094
9977.42 329152 1.87 5.303685e-09 4.934431e-10 2.173773e-10 49900
9981.01 329032 1.88 5.302764e-09 4.943511e-10 2.177013e-10 49974
9984.84 328904 1.90 5.299201e-09 4.949632e-10 2.190748e-10 50709
9988.44 328784 1.91 5.294886e-09 4.957753e-10 2.197987e-10 51663
9992.03 328664 1.92 5.290254e-09 4.963655e-10 2.206838e-10 51477
9995.88 328536 1.94 5.126819e-09 4.823545e-10 2.148711e-10 50652
9999.48 328416 1.95 5.285356e-09 4.985731e-10 2.225790e-10 53276
10003.33 328288 1.96 5.282776e-09 4.996427e-10 2.231789e-10 53422
10007.18 328160 1.98 5.279799e-09 5.002633e-10 2.244206e-10 53996
10011.03 328032 1.99 5.275347e-09 5.013679e-10 2.252735e-10 54936
10014.89 327904 2.01 5.272702e-09 5.022896e-10 2.264806e-10 54999
10018.51 327784 2.02 5.268535e-09 5.026921e-10 2.270000e-10 56262
10022.37 327656 2.03 5.266579e-09 5.039393e-10 2.278944e-10 56511
10026.47 327520 2.05 5.264978e-09 5.046817e-10 2.288924e-10 56754
10030.34 327392 2.06 5.262676e-09 5.061040e-10 2.299703e-10 57359
10034.21 327264 2.08 5.261426e-09 5.067322e-10 2.309003e-10 58269
10038.09 327136 2.09 5.255920e-09 5.075086e-10 2.320178e-10 58917
10042.21 327000 2.11 5.253285e-09 5.086861e-10 2.336477e-10 59578
10046.09 326872 2.12 5.249508e-09 5.103819e-10 2.348464e-10 59893
10050.22 326736 2.14 5.246233e-09 5.112382e-10 2.364177e-10 60297
10054.10 326608 2.15 5.242998e-09 5.126223e-10 2.379157e-10 60845
10058.24 326472 2.17 5.237245e-09 5.137931e-10 2.393907e-10 61432
10062.37 326336 2.18 5.234567e-09 5.147796e-10 2.405937e-10 62228
10066.27 326208 2.20 5.231207e-09 5.159888e-10 2.416295e-10 62703
10070.41 326072 2.21 5.227980e-09 5.170236e-10 2.427849e-10 63433
10074.56 325936 2.23 5.225514e-09 5.181292e-10 2.444029e-10 64112
10078.71 325800 2.24 5.222915e-09 5.194075e-10 2.455753e-10 64908
10082.87 325664 2.26 5.219875e-09 5.202705e-10 2.465562e-10 65564
10087.02 325528 2.27 5.218090e-09 5.220534e-10 2.483199e-10 65813
10091.43 325384 2.29 5.214068e-09 5.232749e-10 2.496683e-10 66992
10095.59 325248 2.30 5.209310e-09 5.239768e-10 2.507149e-10 67513
10099.76 325112 2.32 5.205579e-09 5.253001e-10 2.520184e-10 68136
10104.18 324968 2.33 5.201481e-09 5.269054e-10 2.535208e-10 68982
10108.36 324832 2.35 5.197858e-09 5.281592e-10 2.550546e-10 69529
10112.78 324688 2.37 5.195095e-09 5.290834e-10 2.558508e-10 70963
10116.96 324552 2.38 5.190740e-09 5.301873e-10 2.570795e-10 70822
10121.40 324408 2.40 5.188053e-09 5.310977e-10 2.582528e-10 71632
10125.83 324264 2.41 5.183570e-09 5.326161e-10 2.594395e-10 72909
10130.27 324120 2.43 5.179485e-09 5.332201e-10 2.605642e-10 73308
10134.72 323976 2.45 5.174987e-09 5.344713e-10 2.616352e-10 73963
10139.17 323832 2.46 5.171389e-09 5.354247e-10 2.630272e-10 75108
10143.62 323688 2.48 5.166650e-09 5.360984e-10 2.644746e-10 75383
10148.08 323544 2.49 5.162728e-09 5.374162e-10 2.657266e-10 75907
10152.54 323400 2.51 5.134842e-09 5.357838e-10 2.662828e-10 76802
10157.00 323256 2.53 5.154717e-09 5.395737e-10 2.685949e-10 78053
10161.72 323104 2.54 5.150311e-09 5.404441e-10 2.701951e-10 78409
10166.19 322960 2.56 5.145659e-09 5.414508e-10 2.713468e-10 79541
10170.67 322816 2.58 5.137994e-09 5.419424e-10 2.726901e-10 79708
10175.40 322664 2.59 5.132417e-09 5.427156e-10 2.739220e-10 80780
10179.88 322520 2.61 5.131228e-09 5.436670e-10 2.752114e-10 81300
10184.62 322368 2.63 5.127885e-09 5.451115e-10 2.767870e-10 82185
10189.36 322216 2.65 5.124777e-09 5.461372e-10 2.783994e-10 83203
10194.11 322064 2.66 5.120737e-09 5.473583e-10 2.796894e-10 83290
10198.61 321920 2.68 5.116130e-09 5.483280e-10 2.812733e-10 85044
10203.37 321768 2.70 5.110231e-09 5.494930e-10 2.829527e-10 85728
10208.13 321616 2.71 5.105509e-09 5.507658e-10 2.842547e-10 86254
10212.90 321464 2.73 5.089776e-09 5.510020e-10 2.848587e-10 87041
10217.67 321312 2.75 5.096992e-09 5.536235e-10 2.871569e-10 88144
10222.69 321152 2.77 5.091946e-09 5.548773e-10 2.888076e-10 89551
10227.47 321000 2.79 5.088884e-09 5.558432e-10 2.899373e-10 90026
10232.26 320848 2.80 5.084337e-09 5.566759e-10 2.912929e-10 91204
10237.05 320696 2.82 5.079251e-09 5.576370e-10 2.926243e-10 91587
10242.09 320536 2.84 5.074392e-09 5.591630e-10 2.941385e-10 92878
10246.89 320384 2.86 5.068744e-09 5.598562e-10 2.956779e-10 93514
10251.94 320224 2.88 5.063768e-09 5.611339e-10 2.974196e-10 94790
10256.75 320072 2.89 5.058499e-09 5.624257e-10 2.992555e-10 95561
10261.82 319912 2.91 5.054828e-09 5.638105e-10 3.008812e-10 96439
10266.89 319752 2.93 5.049336e-09 5.647109e-10 3.024540e-10 97318
10271.96 319592 2.95 5.044426e-09 5.661444e-10 3.040704e-10 98266
10277.04 319432 2.97 5.038489e-09 5.670062e-10 3.056733e-10 99071
10281.87 319280 2.98 5.035606e-09 5.678659e-10 3.073171e-10 100056
10286.97 319120 3.00 5.032014e-09 5.689725e-10 3.082657e-10 100712
10292.06 318960 3.02 5.027195e-09 5.699389e-10 3.101692e-10 101980
10297.42 318792 3.04 5.023240e-09 5.712223e-10 3.122105e-10 102680
10302.52 318632 3.06 5.017861e-09 5.721232e-10 3.139053e-10 103751
10307.64 318472 3.08 5.011086e-09 5.736530e-10 3.154279e-10 104585
10312.75 318312 3.10 5.004879e-09 5.745281e-10 3.173610e-10 105863
10318.13 318144 3.12 5.001118e-09 5.753720e-10 3.187663e-10 106909
10323.26 317984 3.14 4.997023e-09 5.769005e-10 3.205216e-10 107787
10328.39 317824 3.16 4.990736e-09 5.775309e-10 3.219896e-10 109386
10333.78 317656 3.18 4.983974e-09 5.785766e-10 3.236902e-10 110184
10338.93 317496 3.19 4.974690e-09 5.791472e-10 3.248118e-10 110639
10344.33 317328 3.21 4.849855e-09 5.658985e-10 3.185947e-10 109324
10349.75 317160 3.23 4.984025e-09 5.839983e-10 3.298705e-10 113321
10355.16 316992 3.25 4.977169e-09 5.849182e-10 3.316530e-10 114640
10360.33 316832 3.27 4.972758e-09 5.860065e-10 3.336131e-10 115521
10365.76 316664 3.29 4.967352e-09 5.870423e-10 3.356091e-10 116906
10371.19 316496 3.31 4.963683e-09 5.881967e-10 3.370439e-10 117966
10376.63 316328 3.33 4.957375e-09 5.893415e-10 3.389955e-10 119206
10382.08 316160 3.35 4.954217e-09 5.902780e-10 3.404891e-10 119414
10387.53 315992 3.37 4.949140e-09 5.911732e-10 3.421335e-10 121070
10392.99 315824 3.39 4.942561e-09 5.923511e-10 3.438984e-10 121728
10398.71 315648 3.41 4.938238e-09 5.937670e-10 3.458398e-10 122906
10404.18 315480 3.43 4.933689e-09 5.952108e-10 3.478415e-10 124491
10409.66 315312 3.45 4.929461e-09 5.965688e-10 3.497374e-10 126011
10415.40 315136 3.47 4.925291e-09 5.977290e-10 3.520444e-10 127637
10420.89 314968 3.49 4.918406e-09 5.988978e-10 3.536602e-10 128692
10426.38 314800 3.51 4.874837e-09 5.955055e-10 3.526952e-10 128274
10432.14 314624 3.54 4.912288e-09 6.017158e-10 3.575756e-10 131201
10437.91 314448 3.56 4.906497e-09 6.023556e-10 3.592814e-10 132371
10443.42 314280 3.58 4.902425e-09 6.037753e-10 3.615748e-10 133148
10449.20 314104 3.60 4.894529e-09 6.052137e-10 3.638242e-10 133722
10454.99 313928 3.62 4.890634e-09 6.060386e-10 3.658170e-10 135340
10460.78 313752 3.64 4.884341e-09 6.078414e-10 3.680951e-10 137077
10466.32 313584 3.66 4.877727e-09 6.087706e-10 3.697516e-10 137778
10472.13 313408 3.68 4.873117e-09 6.099882e-10 3.717193e-10 139584
10477.94 313232 3.70 4.865361e-09 6.109716e-10 3.740647e-10 140042
10483.76 313056 3.72 4.860515e-09 6.117507e-10 3.755164e-10 141188
10489.59 312880 3.75 4.854662e-09 6.126253e-10 3.771732e-10 143057
10495.69 312696 3.77 4.849268e-09 6.139315e-10 3.790808e-10 143787
10501.53 312520 3.79 4.841886e-09 6.149368e-10 3.815929e-10 145107
10507.37 312344 3.81 4.834436e-09 6.159828e-10 3.834487e-10 146784
10513.23 312168 3.83 4.824237e-09 6.172253e-10 3.852319e-10 147566
10519.35 311984 3.85 4.654195e-09 5.957649e-10 3.738660e-10 143154
10525.22 311808 3.88 4.828053e-09 6.213660e-10 3.908140e-10 151344
10531.09 311632 3.90 4.814152e-09 6.212506e-10 3.923682e-10 152804
10537.24 311448 3.92 4.815980e-09 6.233335e-10 3.952838e-10 154561
10543.13 311272 3.94 4.812339e-09 6.244261e-10 3.971129e-10 155467
10549.29 311088 3.96 4.807486e-09 6.259339e-10 3.992107e-10 156894
10555.46 310904 3.99 4.801969e-09 6.272954e-10 4.016736e-10 158090
