9429.05 348576 1.00 2.872193e-09 4.106116e-09 4.856699e-10 916
9439.08 348200 1.00 2.862291e-09 4.096812e-09 4.849234e-10 937
9449.13 347824 1.00 2.858792e-09 4.105023e-09 4.911151e-10 923
9458.99 347456 1.00 2.866365e-09 4.132381e-09 4.987538e-10 966
9469.09 347080 1.00 2.871707e-09 4.153155e-09 5.054968e-10 949
9478.99 346712 1.00 2.870473e-09 4.166766e-09 5.110898e-10 945
9489.13 346336 1.00 2.868034e-09 4.175767e-09 5.162691e-10 929
9499.08 345968 1.00 2.860738e-09 4.179573e-09 5.205826e-10 985
9509.04 345600 1.00 2.861996e-09 4.194573e-09 5.269985e-10 978
9519.03 345232 1.00 2.857954e-09 4.201941e-09 5.321891e-10 941
9529.04 344864 1.00 2.852885e-09 4.210380e-09 5.374372e-10 956
9539.07 344496 1.00 2.848944e-09 4.216894e-09 5.430484e-10 962
9549.12 344128 1.00 2.846680e-09 4.229624e-09 5.489273e-10 990
9559.20 343760 1.00 2.843008e-09 4.238542e-09 5.536959e-10 971
9569.07 343400 1.00 2.839473e-09 4.247722e-09 5.590738e-10 1032
9579.19 343032 1.00 2.832782e-09 4.249816e-09 5.629716e-10 973
9589.11 342672 1.00 2.828927e-09 4.257547e-09 5.675365e-10 1008
9599.05 342312 1.00 2.827762e-09 4.268907e-09 5.723498e-10 977
9609.01 341952 1.00 2.824837e-09 4.278367e-09 5.745548e-10 978
9618.99 341592 1.00 2.820664e-09 4.282208e-09 5.756219e-10 985
9620.10 341552 1.00 2.820567e-09 4.282444e-09 5.757554e-10 1056
9620.76 341528 1.00 2.819583e-09 4.282986e-09 5.758456e-10 1013
9621.43 341504 1.00 2.821174e-09 4.282476e-09 5.752674e-10 1050
9622.10 341480 1.00 2.819288e-09 4.281773e-09 5.748494e-10 1033
9622.76 341456 1.00 2.819837e-09 4.281234e-09 5.748583e-10 1025
9623.43 341432 1.00 2.818472e-09 4.282526e-09 5.751040e-10 1049
9624.10 341408 1.00 2.820573e-09 4.285097e-09 5.746584e-10 1056
9624.76 341384 1.00 2.818480e-09 4.284095e-09 5.745834e-10 1049
9625.43 341360 1.00 2.816696e-09 4.281512e-09 5.737703e-10 1088
9626.10 341336 1.00 2.809798e-09 4.272083e-09 5.726110e-10 1015
9626.77 341312 1.00 2.809018e-09 4.270144e-09 5.719838e-10 1035
9627.43 341288 1.00 2.808728e-09 4.268685e-09 5.707911e-10 1012
9628.10 341264 1.00 2.807468e-09 4.267225e-09 5.708380e-10 1074
9628.77 341240 1.00 2.806113e-09 4.267784e-09 5.700917e-10 1031
9629.44 341216 1.00 2.805830e-09 4.267973e-09 5.701754e-10 1021
9630.10 341192 1.00 2.806241e-09 4.269756e-09 5.698150e-10 1022
9630.77 341168 1.00 2.805904e-09 4.268715e-09 5.690082e-10 1041
9631.44 341144 1.00 2.805820e-09 4.271142e-09 5.688633e-10 1031
9632.11 341120 1.00 2.806548e-09 4.268655e-09 5.677933e-10 1035
9632.77 341096 1.00 2.805613e-09 4.268231e-09 5.667170e-10 1019
9633.44 341072 1.00 2.804103e-09 4.266222e-09 5.657323e-10 1000
9634.11 341048 1.00 2.804243e-09 4.267449e-09 5.648625e-10 1057
9634.78 341024 1.00 2.803577e-09 4.267523e-09 5.638540e-10 1129
9635.45 341000 1.00 2.803722e-09 4.265565e-09 5.625488e-10 1080
9636.12 340976 1.00 2.803592e-09 4.266913e-09 5.610472e-10 1103
9636.78 340952 1.00 2.806552e-09 4.271400e-09 5.600876e-10 1032
9637.45 340928 1.00 2.810393e-09 4.277018e-09 5.589302e-10 1068
9638.12 340904 1.00 2.809891e-09 4.273795e-09 5.573141e-10 1056
9638.79 340880 1.00 2.810832e-09 4.275328e-09 5.564386e-10 1020
9639.46 340856 1.00 2.812141e-09 4.277454e-09 5.541372e-10 1146
9640.13 340832 1.00 2.810493e-09 4.273978e-09 5.522582e-10 1048
9640.80 340808 1.00 2.809840e-09 4.273221e-09 5.502654e-10 1126
9641.47 340784 1.00 2.807051e-09 4.268208e-09 5.467911e-10 1076
9642.14 340760 1.00 2.808034e-09 4.267012e-09 5.431882e-10 1056
9642.81 340736 1.00 2.806240e-09 4.262311e-09 5.391609e-10 1075
9643.48 340712 1.00 2.806969e-09 4.263006e-09 5.373955e-10 1059
9644.15 340688 1.00 2.807415e-09 4.261028e-09 5.335727e-10 1087
9644.82 340664 1.00 2.808254e-09 4.263446e-09 5.292536e-10 1142
9645.49 340640 1.00 2.808234e-09 4.261542e-09 5.244690e-10 1140
9646.16 340616 1.00 2.809096e-09 4.259640e-09 5.205071e-10 1068
9646.83 340592 1.00 2.808703e-09 4.255633e-09 5.138275e-10 1087
9647.50 340568 1.00 2.808602e-09 4.249419e-09 5.072214e-10 1051
9648.17 340544 1.00 2.811169e-09 4.251208e-09 5.001016e-10 1040
9648.84 340520 1.00 2.812037e-09 4.248371e-09 4.922047e-10 1096
9649.51 340496 1.00 2.813320e-09 4.244228e-09 4.818011e-10 1114
9650.18 340472 1.00 2.813307e-09 4.236560e-09 4.697159e-10 1152
9650.85 340448 1.00 2.811270e-09 4.226909e-09 4.566601e-10 1139
9651.52 340424 1.00 2.810323e-09 4.219416e-09 4.390752e-10 1178
9652.19 340400 1.00 2.811524e-09 4.207480e-09 4.170418e-10 1192
9652.86 340376 1.00 2.810688e-09 4.192487e-09 3.924652e-10 1171
9653.53 340352 1.00 2.809022e-09 4.176123e-09 3.590498e-10 1198
9654.20 340328 1.00 2.810663e-09 4.157962e-09 3.241638e-10 1236
9654.87 340304 1.00 2.809946e-09 4.127990e-09 2.701669e-10 1273
9655.54 340280 1.00 2.808681e-09 4.088031e-09 2.087590e-10 1329
9656.22 340256 1.00 2.805555e-09 4.024256e-09 1.439823e-10 1397
9656.89 340232 1.00 2.804787e-09 3.946075e-09 9.791622e-11 1439
9657.56 340208 1.00 2.804448e-09 3.808549e-09 6.218597e-11 1619
9658.23 340184 1.00 2.802602e-09 3.610152e-09 4.487127e-11 1926
9658.90 340160 1.00 2.802765e-09 3.366814e-09 3.624394e-11 2251
9659.57 340136 1.00 2.801374e-09 3.068278e-09 3.047219e-11 2642
9660.25 340112 1.00 2.801961e-09 2.624602e-09 2.456476e-11 3344
9660.92 340088 1.00 2.800624e-09 2.187695e-09 1.976493e-11 4130
9661.59 340064 1.00 2.800663e-09 1.878471e-09 1.658941e-11 4467
9662.26 340040 1.00 2.797743e-09 1.703034e-09 1.434509e-11 4909
9662.94 340016 1.00 2.797096e-09 1.648581e-09 1.272155e-11 4893
9663.61 339992 1.00 2.790714e-09 1.673310e-09 1.218689e-11 4958
9664.28 339968 1.00 2.788572e-09 1.704302e-09 1.215967e-11 4834
9664.95 339944 1.00 2.787996e-09 1.734577e-09 1.177029e-11 4780
9665.63 339920 1.00 2.787851e-09 1.740880e-09 1.138998e-11 4737
9666.30 339896 1.00 2.785627e-09 1.727734e-09 1.094072e-11 4735
9666.97 339872 1.00 2.784394e-09 1.728908e-09 1.070653e-11 4671
9667.64 339848 1.00 2.785551e-09 1.753456e-09 1.081801e-11 4605
9668.32 339824 1.00 2.785733e-09 1.802465e-09 1.109042e-11 4587
9668.99 339800 1.00 2.786937e-09 1.854390e-09 1.176383e-11 4358
9669.66 339776 1.00 2.787516e-09 1.895042e-09 1.235831e-11 4364
9670.34 339752 1.00 2.787778e-09 1.923513e-09 1.316253e-11 4417
9671.01 339728 1.00 2.788106e-09 1.945733e-09 1.399585e-11 4313
9671.68 339704 1.00 2.787581e-09 1.952485e-09 1.467697e-11 4333
9672.36 339680 1.00 2.789120e-09 1.951891e-09 1.488706e-11 4346
9673.03 339656 1.00 2.788956e-09 1.945292e-09 1.513661e-11 4273
9673.71 339632 1.00 2.787299e-09 1.933533e-09 1.522319e-11 4290
9674.38 339608 1.00 2.785858e-09 1.927617e-09 1.519938e-11 4339
9675.05 339584 1.00 2.786475e-09 1.928163e-09 1.519104e-11 4424
9675.73 339560 1.00 2.786984e-09 1.931815e-09 1.506272e-11 4305
9676.40 339536 1.00 2.787512e-09 1.932154e-09 1.517970e-11 4362
9677.08 339512 1.00 2.786482e-09 1.926068e-09 1.545749e-11 4414
9677.75 339488 1.00 2.786704e-09 1.913144e-09 1.556880e-11 4470
9678.43 339464 1.00 2.785290e-09 1.906773e-09 1.547558e-11 4461
9679.10 339440 1.00 2.784083e-09 1.906578e-09 1.592348e-11 4450
9679.77 339416 1.00 2.784532e-09 1.928056e-09 1.596261e-11 4414
9680.45 339392 1.00 2.782569e-09 1.962337e-09 1.633827e-11 4302
9681.12 339368 1.00 2.778475e-09 1.999582e-09 1.670327e-11 4174
9681.80 339344 1.00 2.778838e-09 2.058193e-09 1.707462e-11 3969
9682.47 339320 1.00 2.775559e-09 2.120571e-09 1.775796e-11 3997
9683.15 339296 1.00 2.769678e-09 2.173932e-09 1.800331e-11 3904
9683.82 339272 1.00 2.761762e-09 2.214129e-09 1.823881e-11 3745
9684.50 339248 1.00 2.724637e-09 2.244672e-09 1.856887e-11 3663
9685.18 339224 1.00 2.674330e-09 2.251175e-09 1.857358e-11 3453
9685.85 339200 1.00 2.667266e-09 2.275741e-09 1.843057e-11 3504
9686.53 339176 1.00 2.706718e-09 2.334143e-09 1.829613e-11 3547
9687.20 339152 1.00 2.772231e-09 2.421406e-09 1.911634e-11 3533
9687.88 339128 1.00 2.787310e-09 2.452608e-09 1.928010e-11 3635
9688.55 339104 1.00 2.787691e-09 2.459990e-09 1.918326e-11 3505
9689.23 339080 1.00 2.788011e-09 2.465771e-09 1.910982e-11 3477
9689.91 339056 1.00 2.787464e-09 2.469485e-09 1.883997e-11 3446
9690.58 339032 1.00 2.788711e-09 2.468371e-09 1.875889e-11 3636
9691.26 339008 1.00 2.787415e-09 2.464769e-09 1.857114e-11 3451
9691.94 338984 1.00 2.786716e-09 2.456828e-09 1.844271e-11 3646
9692.61 338960 1.00 2.786663e-09 2.449340e-09 1.801511e-11 3491
9693.29 338936 1.00 2.785076e-09 2.439424e-09 1.800206e-11 3468
9693.97 338912 1.00 2.786295e-09 2.429159e-09 1.792892e-11 3565
9694.64 338888 1.00 2.784599e-09 2.418342e-09 1.782940e-11 3610
9695.32 338864 1.00 2.783699e-09 2.404919e-09 1.756618e-11 3588
9696.00 338840 1.00 2.784723e-09 2.389215e-09 1.755518e-11 3688
9696.67 338816 1.00 2.783658e-09 2.373493e-09 1.754753e-11 3633
9697.35 338792 1.00 2.782100e-09 2.357265e-09 1.732610e-11 3675
9698.03 338768 1.00 2.782467e-09 2.340208e-09 1.734062e-11 3770
9698.71 338744 1.00 2.781449e-09 2.321677e-09 1.721400e-11 3773
9699.38 338720 1.00 2.778931e-09 2.305124e-09 1.716659e-11 3705
9700.06 338696 1.00 2.779278e-09 2.288428e-09 1.731419e-11 3758
9700.74 338672 1.00 2.779379e-09 2.270484e-09 1.711273e-11 3826
9701.42 338648 1.00 2.777423e-09 2.251815e-09 1.714590e-11 3814
9702.09 338624 1.00 2.777807e-09 2.238716e-09 1.720963e-11 3819
9702.77 338600 1.00 2.776147e-09 2.225948e-09 1.716665e-11 3902
9703.45 338576 1.00 2.770875e-09 2.209460e-09 1.711227e-11 3883
9704.13 338552 1.00 2.747556e-09 2.180349e-09 1.680414e-11 3820
9704.81 338528 1.00 2.724123e-09 2.156024e-09 1.676366e-11 3947
9705.49 338504 1.00 2.717968e-09 2.144395e-09 1.657438e-11 3832
9706.16 338480 1.00 2.746944e-09 2.161261e-09 1.660931e-11 3957
9706.84 338456 1.00 2.772934e-09 2.177021e-09 1.679037e-11 3991
9707.52 338432 1.00 2.779270e-09 2.181838e-09 1.688863e-11 3977
9708.20 338408 1.00 2.777781e-09 2.180067e-09 1.699036e-11 3916
9708.88 338384 1.00 2.778294e-09 2.178408e-09 1.682291e-11 4014
9709.56 338360 1.00 2.776460e-09 2.177857e-09 1.676797e-11 3911
9710.24 338336 1.00 2.774746e-09 2.177337e-09 1.671342e-11 4106
9710.92 338312 1.00 2.774548e-09 2.178580e-09 1.659644e-11 3934
9711.60 338288 1.00 2.773546e-09 2.177478e-09 1.652715e-11 3851
9712.27 338264 1.00 2.766978e-09 2.171927e-09 1.650130e-11 4049
9712.95 338240 1.00 2.751482e-09 2.158404e-09 1.618857e-11 4138
9713.63 338216 1.00 2.745749e-09 2.148512e-09 1.611497e-11 3926
9714.31 338192 1.00 2.759995e-09 2.154714e-09 1.637286e-11 4054
9714.99 338168 1.00 2.775692e-09 2.160276e-09 1.638505e-11 4064
9715.67 338144 1.00 2.778287e-09 2.154317e-09 1.641391e-11 4113
9716.35 338120 1.00 2.777931e-09 2.145214e-09 1.628100e-11 3977
9717.03 338096 1.00 2.776825e-09 2.133907e-09 1.634315e-11 4126
9717.71 338072 1.00 2.777131e-09 2.121642e-09 1.624380e-11 4156
9718.39 338048 1.00 2.777341e-09 2.109280e-09 1.605299e-11 4165
9719.07 338024 1.00 2.773933e-09 2.099934e-09 1.606530e-11 4153
9719.75 338000 1.00 2.775566e-09 2.088089e-09 1.583741e-11 4290
9720.43 337976 1.00 2.774437e-09 2.075553e-09 1.599493e-11 4271
9721.12 337952 1.00 2.775242e-09 2.064900e-09 1.581841e-11 4204
9721.80 337928 1.00 2.774466e-09 2.055788e-09 1.560974e-11 4151
9722.48 337904 1.00 2.773898e-09 2.045118e-09 1.569491e-11 4281
9723.16 337880 1.00 2.771978e-09 2.037251e-09 1.579415e-11 4221
9723.84 337856 1.00 2.770937e-09 2.032400e-09 1.589156e-11 4238
9724.52 337832 1.00 2.769639e-09 2.029434e-09 1.554805e-11 4330
9725.20 337808 1.00 2.770334e-09 2.029984e-09 1.563809e-11 4218
9725.88 337784 1.00 2.772182e-09 2.032194e-09 1.547893e-11 4319
9726.56 337760 1.00 2.772772e-09 2.035117e-09 1.567274e-11 4325
9727.25 337736 1.00 2.771644e-09 2.038741e-09 1.549759e-11 4265
9727.93 337712 1.00 2.769271e-09 2.043880e-09 1.549951e-11 4224
9728.61 337688 1.00 2.768244e-09 2.050336e-09 1.545267e-11 4353
9729.29 337664 1.00 2.768030e-09 2.056329e-09 1.568618e-11 4366
9729.97 337640 1.00 2.766535e-09 2.062420e-09 1.573228e-11 4221
9730.65 337616 1.00 2.766361e-09 2.073412e-09 1.568374e-11 4195
9731.34 337592 1.00 2.765283e-09 2.084705e-09 1.567263e-11 4266
9732.02 337568 1.00 2.766546e-09 2.092075e-09 1.568828e-11 4144
9732.70 337544 1.00 2.764851e-09 2.101023e-09 1.579953e-11 4124
9733.38 337520 1.00 2.765103e-09 2.113335e-09 1.566810e-11 4231
9734.07 337496 1.00 2.766419e-09 2.124101e-09 1.573733e-11 4159
9734.75 337472 1.00 2.765379e-09 2.130957e-09 1.573500e-11 4095
9735.43 337448 1.00 2.764706e-09 2.138276e-09 1.594583e-11 4067
9736.11 337424 1.00 2.763776e-09 2.148759e-09 1.597129e-11 4139
9736.80 337400 1.00 2.763134e-09 2.157682e-09 1.597804e-11 4173
9737.48 337376 1.00 2.764065e-09 2.166122e-09 1.609303e-11 4024
9738.16 337352 1.00 2.765126e-09 2.173655e-09 1.612496e-11 4092
9738.85 337328 1.00 2.764045e-09 2.183475e-09 1.638636e-11 4157
9740.21 337280 1.00 2.764492e-09 2.198014e-09 1.646705e-11 4061
9742.04 337216 1.01 2.762879e-09 2.212362e-09 1.673021e-11 4064
9743.86 337152 1.01 2.762729e-09 2.224621e-09 1.716876e-11 4072
9745.68 337088 1.02 2.762433e-09 2.233095e-09 1.747580e-11 4014
9747.51 337024 1.03 2.761862e-09 2.238681e-09 1.780157e-11 3994
9749.56 336952 1.04 2.763820e-09 2.243509e-09 1.767814e-11 4100
9751.39 336888 1.04 2.763724e-09 2.246718e-09 1.760890e-11 4138
9753.44 336816 1.05 2.764373e-09 2.247817e-09 1.792348e-11 4204
9755.50 336744 1.06 2.762554e-09 2.244772e-09 1.831374e-11 4211
9757.33 336680 1.06 2.764476e-09 2.243718e-09 1.831240e-11 4241
9759.39 336608 1.07 2.761234e-09 2.241723e-09 1.837439e-11 4231
9761.45 336536 1.08 2.760896e-09 2.237524e-09 1.825293e-11 4306
9763.51 336464 1.09 2.759273e-09 2.231946e-09 1.807412e-11 4302
9765.57 336392 1.09 2.758164e-09 2.229716e-09 1.800497e-11 4384
9767.63 336320 1.10 2.730591e-09 2.204075e-09 1.773333e-11 4356
9769.92 336240 1.11 2.755641e-09 2.221072e-09 1.770480e-11 4476
9771.98 336168 1.12 2.756321e-09 2.218559e-09 1.751551e-11 4538
9774.28 336088 1.13 2.756928e-09 2.216505e-09 1.724249e-11 4551
9776.34 336016 1.13 2.755948e-09 2.215778e-09 1.725580e-11 4508
9778.64 335936 1.14 2.752725e-09 2.216215e-09 1.699311e-11 4640
9780.93 335856 1.15 2.751578e-09 2.215375e-09 1.709435e-11 4669
9783.00 335784 1.16 2.749942e-09 2.213109e-09 1.700196e-11 4760
9785.30 335704 1.17 2.749723e-09 2.210012e-09 1.706845e-11 4672
9787.60 335624 1.17 2.750181e-09 2.207861e-09 1.728444e-11 4775
9789.90 335544 1.18 2.749053e-09 2.205882e-09 1.718563e-11 4731
9792.21 335464 1.19 2.747788e-09 2.204284e-09 1.737100e-11 4788
9794.74 335376 1.20 2.746401e-09 2.204403e-09 1.724343e-11 4846
9797.04 335296 1.21 2.738328e-09 2.199875e-09 1.738711e-11 5003
9799.35 335216 1.22 2.745496e-09 2.209064e-09 1.774244e-11 4940
9801.89 335128 1.23 2.741306e-09 2.209028e-09 1.752629e-11 5092
9804.20 335048 1.24 2.740605e-09 2.211550e-09 1.746811e-11 5065
9806.74 334960 1.24 2.738903e-09 2.212792e-09 1.780916e-11 4971
9809.28 334872 1.25 2.738530e-09 2.216014e-09 1.813239e-11 5043
9811.82 334784 1.26 2.736654e-09 2.217011e-09 1.813332e-11 5192
9814.13 334704 1.27 2.736936e-09 2.217714e-09 1.857079e-11 5175
9816.68 334616 1.28 2.735119e-09 2.217500e-09 1.845501e-11 5227
9819.46 334520 1.29 2.733747e-09 2.218271e-09 1.842403e-11 5205
9822.01 334432 1.30 2.732188e-09 2.219013e-09 1.841671e-11 5307
9824.56 334344 1.31 2.732396e-09 2.223226e-09 1.841580e-11 5442
9827.11 334256 1.32 2.732769e-09 2.229755e-09 1.842903e-11 5268
9829.89 334160 1.33 2.729849e-09 2.234025e-09 1.845846e-11 5527
9832.45 334072 1.34 2.729033e-09 2.239409e-09 1.844524e-11 5319
9835.23 333976 1.35 2.727088e-09 2.244892e-09 1.864464e-11 5516
9837.79 333888 1.36 2.725120e-09 2.251082e-09 1.864286e-11 5577
9840.58 333792 1.37 2.725162e-09 2.258739e-09 1.864409e-11 5503
9843.37 333696 1.38 2.724083e-09 2.264817e-09 1.860167e-11 5538
9846.17 333600 1.39 2.723370e-09 2.271875e-09 1.874861e-11 5561
9848.96 333504 1.40 2.722490e-09 2.276717e-09 1.875592e-11 5534
9851.76 333408 1.41 2.721093e-09 2.281340e-09 1.878502e-11 5802
9854.56 333312 1.42 2.718601e-09 2.284844e-09 1.885646e-11 5602
9857.36 333216 1.43 2.717830e-09 2.287047e-09 1.904360e-11 5751
9860.39 333112 1.44 2.715367e-09 2.287348e-09 1.897043e-11 5698
9863.20 333016 1.45 2.713860e-09 2.288545e-09 1.910032e-11 5553
9866.00 332920 1.46 2.711924e-09 2.288062e-09 1.919732e-11 5682
9869.04 332816 1.47 2.708867e-09 2.286338e-09 1.915600e-11 5874
9872.09 332712 1.48 2.708579e-09 2.284300e-09 1.930604e-11 6101
9874.90 332616 1.49 2.706400e-09 2.282091e-09 1.948288e-11 5999
9877.94 332512 1.51 2.654368e-09 2.238139e-09 1.915956e-11 6034
9880.99 332408 1.52 2.712033e-09 2.284986e-09 1.990317e-11 6224
9884.04 332304 1.53 2.709049e-09 2.283907e-09 1.979985e-11 6267
9887.10 332200 1.54 2.706479e-09 2.282186e-09 1.998596e-11 6260
9890.15 332096 1.55 2.698989e-09 2.277837e-09 1.995604e-11 6164
9893.21 331992 1.56 2.702477e-09 2.282762e-09 1.997670e-11 6427
9896.26 331888 1.57 2.704633e-09 2.289215e-09 2.003769e-11 6209
9899.56 331776 1.58 2.705278e-09 2.294235e-09 2.014382e-11 6388
9902.62 331672 1.60 2.679225e-09 2.280092e-09 2.004323e-11 6398
9905.92 331560 1.61 2.699055e-09 2.300280e-09 2.011278e-11 6459
9908.99 331456 1.62 2.696781e-09 2.303702e-09 2.028774e-11 6467
9912.29 331344 1.63 2.692868e-09 2.305652e-09 2.031283e-11 6541
9915.60 331232 1.64 2.691827e-09 2.311715e-09 2.039720e-11 6563
9918.67 331128 1.65 2.689064e-09 2.313673e-09 2.046290e-11 6773
9921.98 331016 1.67 2.689754e-09 2.319073e-09 2.047512e-11 6593
9925.30 330904 1.68 2.689005e-09 2.322599e-09 2.068428e-11 6757
9928.61 330792 1.69 2.688977e-09 2.326181e-09 2.071735e-11 6927
9932.17 330672 1.70 2.689476e-09 2.329510e-09 2.071494e-11 6922
9935.49 330560 1.72 2.687134e-09 2.333096e-09 2.083577e-11 6936
9938.81 330448 1.73 2.687227e-09 2.336512e-09 2.101432e-11 6917
9942.13 330336 1.74 2.683917e-09 2.339125e-09 2.107191e-11 6935
9945.70 330216 1.75 2.683572e-09 2.344120e-09 2.104244e-11 7171
9949.03 330104 1.77 2.680902e-09 2.348612e-09 2.113056e-11 7138
9952.60 329984 1.78 2.679428e-09 2.351576e-09 2.140646e-11 6960
9956.17 329864 1.79 2.677894e-09 2.355886e-09 2.147115e-11 7093
9959.50 329752 1.80 2.674576e-09 2.359632e-09 2.165477e-11 7195
9963.08 329632 1.82 2.674506e-09 2.362202e-09 2.171710e-11 7265
9966.66 329512 1.83 2.672057e-09 2.366110e-09 2.197740e-11 7419
9970.24 329392 1.84 2.670963e-09 2.368780e-09 2.206441e-11 7576
9973.83 329272 1.86 2.669725e-09 2.371676e-09 2.220696e-11 7368
9977.42 329152 1.87 2.667291e-09 2.373685e-09 2.226514e-11 7490
9981.01 329032 1.88 2.664528e-09 2.375174e-09 2.226214e-11 7710
9984.84 328904 1.90 2.658104e-09 2.373746e-09 2.235055e-11 7659
9988.44 328784 1.91 2.577883e-09 2.307896e-09 2.168571e-11 7382
9992.03 328664 1.92 2.659601e-09 2.383443e-09 2.250095e-11 7596
9995.88 328536 1.94 2.659287e-09 2.387170e-09 2.261471e-11 7843
9999.48 328416 1.95 2.658164e-09 2.390948e-09 2.295252e-11 7798
10003.33 328288 1.96 2.655986e-09 2.393058e-09 2.281867e-11 7716
10007.18 328160 1.98 2.654583e-09 2.396717e-09 2.300635e-11 7907
10011.03 328032 1.99 2.652324e-09 2.398592e-09 2.298721e-11 7843
10014.89 327904 2.01 2.649958e-09 2.401330e-09 2.309952e-11 8026
10018.51 327784 2.02 2.650031e-09 2.404407e-09 2.319143e-11 8095
10022.37 327656 2.03 2.649456e-09 2.407403e-09 2.321948e-11 8141
10026.47 327520 2.05 2.650417e-09 2.411987e-09 2.327611e-11 8458
10030.34 327392 2.06 2.648409e-09 2.415521e-09 2.350504e-11 8229
10034.21 327264 2.08 2.649835e-09 2.419259e-09 2.354860e-11 8416
10038.09 327136 2.09 2.648200e-09 2.420584e-09 2.379887e-11 8395
10042.21 327000 2.11 2.646240e-09 2.425022e-09 2.377598e-11 8412
10046.09 326872 2.12 2.644986e-09 2.427758e-09 2.397238e-11 8530
10050.22 326736 2.14 2.642649e-09 2.431049e-09 2.403432e-11 8424
10054.10 326608 2.15 2.641179e-09 2.435208e-09 2.418336e-11 8557
10058.24 326472 2.17 2.640555e-09 2.440236e-09 2.444873e-11 8821
10062.37 326336 2.18 2.640242e-09 2.446269e-09 2.461324e-11 8817
10066.27 326208 2.20 2.638389e-09 2.450256e-09 2.470247e-11 8691
10070.41 326072 2.21 2.635446e-09 2.452482e-09 2.479073e-11 8659
10074.56 325936 2.23 2.632764e-09 2.456260e-09 2.483012e-11 8704
10078.71 325800 2.24 2.631066e-09 2.459334e-09 2.504395e-11 9000
10082.87 325664 2.26 2.631912e-09 2.465732e-09 2.506593e-11 9081
10087.02 325528 2.27 2.629651e-09 2.468539e-09 2.527882e-11 9131
10091.43 325384 2.29 2.625349e-09 2.470409e-09 2.529727e-11 9224
10095.59 325248 2.30 2.624951e-09 2.476734e-09 2.548843e-11 9042
10099.76 325112 2.32 2.624124e-09 2.480514e-09 2.576190e-11 9352
10104.18 324968 2.33 2.622479e-09 2.483420e-09 2.595182e-11 9184
10108.36 324832 2.35 2.619136e-09 2.486662e-09 2.590744e-11 9348
10112.78 324688 2.37 2.617483e-09 2.490383e-09 2.595389e-11 9434
10116.96 324552 2.38 2.618406e-09 2.495883e-09 2.619279e-11 9490
10121.40 324408 2.40 2.615674e-09 2.499357e-09 2.622989e-11 9367
10125.83 324264 2.41 2.613305e-09 2.502505e-09 2.637770e-11 9777
10130.27 324120 2.43 2.612101e-09 2.506602e-09 2.655566e-11 9820
10134.72 323976 2.45 2.610446e-09 2.510130e-09 2.666559e-11 9733
10139.17 323832 2.46 2.608096e-09 2.512833e-09 2.668389e-11 9899
10143.62 323688 2.48 2.605917e-09 2.516347e-09 2.692306e-11 9834
10148.08 323544 2.49 2.605008e-09 2.520784e-09 2.741577e-11 10146
10152.54 323400 2.51 2.602806e-09 2.523070e-09 2.724797e-11 9955
10157.00 323256 2.53 2.599918e-09 2.524514e-09 2.747071e-11 10139
10161.72 323104 2.54 2.596293e-09 2.526685e-09 2.742287e-11 10114
10166.19 322960 2.56 2.594323e-09 2.529418e-09 2.768660e-11 10168
10170.67 322816 2.58 2.592816e-09 2.532811e-09 2.785162e-11 10378
10175.40 322664 2.59 2.590322e-09 2.535745e-09 2.791871e-11 10472
10179.88 322520 2.61 2.586537e-09 2.538673e-09 2.809805e-11 10610
10184.62 322368 2.63 2.587941e-09 2.543647e-09 2.836985e-11 10529
10189.36 322216 2.65 2.585575e-09 2.546863e-09 2.839968e-11 10661
10194.11 322064 2.66 2.582086e-09 2.549733e-09 2.875043e-11 10779
10198.61 321920 2.68 2.581242e-09 2.554133e-09 2.881043e-11 10733
10203.37 321768 2.70 2.578602e-09 2.557425e-09 2.880603e-11 10831
10208.13 321616 2.71 2.575533e-09 2.560731e-09 2.909550e-11 10923
10212.90 321464 2.73 2.573827e-09 2.564612e-09 2.929086e-11 10775
10217.67 321312 2.75 2.575668e-09 2.571224e-09 2.939220e-11 10986
10222.69 321152 2.77 2.573682e-09 2.576026e-09 2.964205e-11 11122
10227.47 321000 2.79 2.571318e-09 2.579266e-09 2.966579e-11 11117
10232.26 320848 2.80 2.569444e-09 2.582812e-09 2.986429e-11 11226
10237.05 320696 2.82 2.567242e-09 2.585181e-09 3.007838e-11 11458
10242.09 320536 2.84 2.564435e-09 2.589002e-09 3.011127e-11 11403
10246.89 320384 2.86 2.563876e-09 2.592542e-09 3.028630e-11 11534
10251.94 320224 2.88 2.560005e-09 2.596087e-09 3.058061e-11 11755
10256.75 320072 2.89 2.556183e-09 2.598252e-09 3.070492e-11 11529
10261.82 319912 2.91 2.554867e-09 2.602497e-09 3.100990e-11 11828
10266.89 319752 2.93 2.555610e-09 2.609204e-09 3.120690e-11 12026
10271.96 319592 2.95 2.554150e-09 2.612051e-09 3.120401e-11 11829
10277.04 319432 2.97 2.552493e-09 2.616191e-09 3.147296e-11 11946
10281.87 319280 2.98 2.548874e-09 2.618366e-09 3.161355e-11 12085
10286.97 319120 3.00 2.546485e-09 2.619952e-09 3.163800e-11 12012
10292.06 318960 3.02 2.543102e-09 2.624146e-09 3.178219e-11 12135
10297.42 318792 3.04 2.539015e-09 2.624956e-09 3.201074e-11 12266
10302.52 318632 3.06 2.536132e-09 2.628276e-09 3.225349e-11 12008
10307.64 318472 3.08 2.435881e-09 2.532579e-09 3.116539e-11 12091
10312.75 318312 3.10 2.535669e-09 2.639005e-09 3.269615e-11 12510
10318.13 318144 3.12 2.531104e-09 2.641902e-09 3.294470e-11 12616
10323.26 317984 3.14 2.528647e-09 2.643594e-09 3.307120e-11 12577
10328.39 317824 3.16 2.525269e-09 2.645933e-09 3.313077e-11 12538
10333.78 317656 3.18 2.524058e-09 2.651387e-09 3.323703e-11 12870
10338.93 317496 3.19 2.521897e-09 2.652953e-09 3.341270e-11 12833
10344.33 317328 3.21 2.517577e-09 2.654769e-09 3.365537e-11 12946
10349.75 317160 3.23 2.515794e-09 2.658537e-09 3.372219e-11 12891
10355.16 316992 3.25 2.512287e-09 2.661571e-09 3.393177e-11 13135
10360.33 316832 3.27 2.510321e-09 2.666288e-09 3.418907e-11 12972
10365.76 316664 3.29 2.510621e-09 2.671517e-09 3.428260e-11 13178
10371.19 316496 3.31 2.508428e-09 2.675305e-09 3.448568e-11 13074
10376.63 316328 3.33 2.507435e-09 2.679742e-09 3.473345e-11 13371
10382.08 316160 3.35 2.505606e-09 2.683528e-09 3.491567e-11 13244
10387.53 315992 3.37 2.503458e-09 2.686322e-09 3.508948e-11 13563
10392.99 315824 3.39 2.501247e-09 2.689925e-09 3.527123e-11 13392
10398.71 315648 3.41 2.498351e-09 2.693771e-09 3.553926e-11 13505
10404.18 315480 3.43 2.494948e-09 2.696534e-09 3.573752e-11 13728
10409.66 315312 3.45 2.494584e-09 2.701693e-09 3.587656e-11 13913
10415.40 315136 3.47 2.492076e-09 2.705872e-09 3.601358e-11 13932
10420.89 314968 3.49 2.481944e-09 2.701306e-09 3.616140e-11 14111
10426.38 314800 3.51 2.483264e-09 2.709411e-09 3.649590e-11 14013
10432.14 314624 3.54 2.481353e-09 2.712777e-09 3.669571e-11 13931
10437.91 314448 3.56 2.479384e-09 2.717683e-09 3.682983e-11 14208
10443.42 314280 3.58 2.478689e-09 2.720778e-09 3.706127e-11 14494
10449.20 314104 3.60 2.476288e-09 2.725520e-09 3.724212e-11 14171
10454.99 313928 3.62 2.473376e-09 2.727877e-09 3.742720e-11 14527
10460.78 313752 3.64 2.473322e-09 2.734564e-09 3.774889e-11 14632
10466.32 313584 3.66 2.470445e-09 2.738139e-09 3.794902e-11 14519
10472.13 313408 3.68 2.466786e-09 2.740237e-09 3.805429e-11 14871
10477.94 313232 3.70 2.464902e-09 2.743986e-09 3.839223e-11 14845
10483.76 313056 3.72 2.461479e-09 2.746449e-09 3.854806e-11 15049
10489.59 312880 3.75 2.458294e-09 2.749794e-09 3.884725e-11 14915
10495.69 312696 3.77 2.456716e-09 2.753479e-09 3.883398e-11 15119
10501.53 312520 3.79 2.453468e-09 2.756990e-09 3.913662e-11 14973
10507.37 312344 3.81 2.430782e-09 2.737526e-09 3.935728e-11 14898
10513.23 312168 3.83 2.451143e-09 2.766882e-09 3.982357e-11 15335
10519.35 311984 3.85 2.446853e-09 2.769093e-09 3.997713e-11 15216
10525.22 311808 3.88 2.445166e-09 2.773520e-09 4.014248e-11 15529
10531.09 311632 3.90 2.442371e-09 2.775487e-09 4.058586e-11 15557
10537.24 311448 3.92 2.442075e-09 2.781766e-09 4.068280e-11 15951
10543.13 311272 3.94 2.440712e-09 2.786430e-09 4.087653e-11 15632
10549.29 311088 3.96 2.437566e-09 2.788065e-09 4.103354e-11 15726
10555.46 310904 3.99 2.435362e-09 2.792609e-09 4.146501e-11 16053
