8033.13 410328 0.50 1.810972e-08 2.616684e-09 1.314523e-09 24
8043.11 409808 0.50 1.811822e-08 2.617978e-09 1.315403e-09 40
8053.12 409288 0.50 1.811833e-08 2.636374e-09 1.335297e-09 27
8063.00 408776 0.50 1.809044e-08 2.652991e-09 1.354934e-09 47
8073.06 408256 0.50 1.814362e-08 2.683727e-09 1.385138e-09 34
8083.14 407736 0.50 1.812146e-08 2.700126e-09 1.406557e-09 37
8093.10 407224 0.50 1.818286e-08 2.730303e-09 1.434357e-09 35
8103.08 406712 0.50 1.817027e-08 2.750347e-09 1.458825e-09 46
8113.08 406200 0.50 1.817214e-08 2.769498e-09 1.483383e-09 39
8123.11 405688 0.50 1.817296e-08 2.790559e-09 1.505703e-09 30
8133.01 405184 0.50 1.817220e-08 2.811176e-09 1.532956e-09 34
8143.10 404672 0.50 1.816370e-08 2.833380e-09 1.558161e-09 38
8153.05 404168 0.50 1.816851e-08 2.854585e-09 1.583658e-09 48
8163.02 403664 0.50 1.816052e-08 2.874530e-09 1.607972e-09 41
8173.02 403160 0.50 1.815333e-08 2.893673e-09 1.634588e-09 34
8183.05 402656 0.50 1.814596e-08 2.914685e-09 1.660781e-09 44
8193.10 402152 0.50 1.814666e-08 2.934278e-09 1.685705e-09 50
8203.02 401656 0.50 1.815167e-08 2.957254e-09 1.715244e-09 47
8213.12 401152 0.50 1.815342e-08 2.978076e-09 1.741724e-09 49
8223.08 400656 0.50 1.815554e-08 2.998251e-09 1.767019e-09 41
8233.08 400160 0.50 1.814951e-08 3.020385e-09 1.797312e-09 43
8243.09 399664 0.50 1.814605e-08 3.039298e-09 1.822694e-09 44
8253.13 399168 0.50 1.814047e-08 3.059614e-09 1.847659e-09 43
8263.04 398680 0.50 1.813483e-08 3.080361e-09 1.877711e-09 58
8273.13 398184 0.50 1.813031e-08 3.099528e-09 1.902099e-09 49
8283.09 397696 0.50 1.799707e-08 3.095123e-09 1.914343e-09 41
8293.06 397208 0.50 1.811876e-08 3.136607e-09 1.954849e-09 54
8303.07 396720 0.50 1.811609e-08 3.153385e-09 1.978091e-09 59
8313.10 396232 0.50 1.811152e-08 3.167366e-09 1.994357e-09 63
8313.59 396208 0.50 1.810765e-08 3.165603e-09 1.993172e-09 50
8314.08 396184 0.50 1.810196e-08 3.164331e-09 1.992698e-09 64
8314.58 396160 0.50 1.810008e-08 3.164776e-09 1.992910e-09 73
8315.07 396136 0.50 1.809937e-08 3.166304e-09 1.992633e-09 65
8315.57 396112 0.50 1.810247e-08 3.165907e-09 1.993323e-09 64
8316.06 396088 0.50 1.810269e-08 3.166463e-09 1.993195e-09 63
8316.55 396064 0.50 1.810077e-08 3.165452e-09 1.994131e-09 58
8317.05 396040 0.50 1.810666e-08 3.166845e-09 1.994261e-09 58
8317.54 396016 0.50 1.810685e-08 3.168601e-09 1.995083e-09 66
8318.04 395992 0.50 1.810193e-08 3.167720e-09 1.994851e-09 68
8318.53 395968 0.50 1.809609e-08 3.166355e-09 1.994074e-09 63
8319.03 395944 0.50 1.809131e-08 3.165894e-09 1.993675e-09 57
8319.52 395920 0.50 1.808938e-08 3.166182e-09 1.992228e-09 74
8320.02 395896 0.50 1.808723e-08 3.164858e-09 1.992425e-09 66
8320.51 395872 0.50 1.808717e-08 3.164778e-09 1.992454e-09 67
8321.00 395848 0.50 1.808297e-08 3.164988e-09 1.992432e-09 68
8321.50 395824 0.50 1.808946e-08 3.166743e-09 1.990724e-09 73
8321.99 395800 0.50 1.808806e-08 3.167114e-09 1.990689e-09 88
8322.49 395776 0.50 1.808486e-08 3.166259e-09 1.990647e-09 63
8322.98 395752 0.50 1.809238e-08 3.166059e-09 1.989943e-09 51
8323.48 395728 0.50 1.808872e-08 3.168954e-09 1.989571e-09 83
8323.97 395704 0.50 1.809446e-08 3.167818e-09 1.988983e-09 78
8324.47 395680 0.50 1.809397e-08 3.165458e-09 1.988082e-09 65
8324.96 395656 0.50 1.809281e-08 3.167511e-09 1.985297e-09 71
8325.46 395632 0.50 1.809029e-08 3.165721e-09 1.983743e-09 80
8325.96 395608 0.50 1.809274e-08 3.163424e-09 1.982724e-09 86
8326.45 395584 0.50 1.809290e-08 3.164431e-09 1.980896e-09 90
8326.95 395560 0.50 1.809553e-08 3.163223e-09 1.976905e-09 83
8327.44 395536 0.50 1.809690e-08 3.164539e-09 1.974983e-09 92
8327.94 395512 0.50 1.809324e-08 3.162271e-09 1.971611e-09 78
8328.43 395488 0.50 1.809883e-08 3.160866e-09 1.967461e-09 85
8328.93 395464 0.50 1.809602e-08 3.161290e-09 1.962962e-09 90
8329.42 395440 0.50 1.809109e-08 3.157741e-09 1.956008e-09 95
8329.92 395416 0.50 1.809592e-08 3.155802e-09 1.951263e-09 96
8330.42 395392 0.50 1.809026e-08 3.153011e-09 1.944603e-09 92
8330.91 395368 0.50 1.808773e-08 3.150178e-09 1.936860e-09 87
8331.41 395344 0.50 1.809261e-08 3.146819e-09 1.926170e-09 95
8331.90 395320 0.50 1.808731e-08 3.141640e-09 1.915104e-09 110
8332.40 395296 0.50 1.808555e-08 3.137475e-09 1.903677e-09 119
8332.90 395272 0.50 1.808637e-08 3.131341e-09 1.884577e-09 123
8333.39 395248 0.50 1.808336e-08 3.124366e-09 1.857652e-09 139
8333.89 395224 0.50 1.808394e-08 3.114026e-09 1.825791e-09 152
8334.39 395200 0.50 1.808199e-08 3.097808e-09 1.777299e-09 164
8334.88 395176 0.50 1.808279e-08 3.073635e-09 1.704050e-09 167
8335.38 395152 0.50 1.808866e-08 3.028639e-09 1.580240e-09 248
8335.88 395128 0.50 1.808560e-08 2.971206e-09 1.441014e-09 270
8336.37 395104 0.50 1.808525e-08 2.898579e-09 1.255595e-09 368
8336.87 395080 0.50 1.807477e-08 2.860201e-09 1.085918e-09 467
8337.37 395056 0.50 1.806517e-08 2.871438e-09 9.767867e-10 474
8337.86 395032 0.50 1.806392e-08 2.905036e-09 9.070394e-10 528
8338.36 395008 0.50 1.805574e-08 2.954353e-09 8.312840e-10 625
8338.86 394984 0.50 1.804763e-08 2.970980e-09 7.793755e-10 628
8339.35 394960 0.50 1.804578e-08 2.963637e-09 7.370476e-10 650
8339.85 394936 0.50 1.805104e-08 2.942685e-09 7.055713e-10 650
8340.35 394912 0.50 1.804688e-08 2.908507e-09 6.746116e-10 648
8340.84 394888 0.50 1.805107e-08 2.861129e-09 6.434771e-10 677
8341.34 394864 0.50 1.805029e-08 2.811630e-09 6.149046e-10 619
8341.84 394840 0.50 1.805116e-08 2.743043e-09 5.799707e-10 622
8342.34 394816 0.50 1.805629e-08 2.630786e-09 5.274741e-10 617
8342.83 394792 0.50 1.805530e-08 2.500671e-09 4.780899e-10 610
8343.33 394768 0.50 1.805216e-08 2.369652e-09 4.339291e-10 599
8343.83 394744 0.50 1.805843e-08 2.226692e-09 3.932393e-10 545
8344.33 394720 0.50 1.804805e-08 2.026400e-09 3.411073e-10 536
8344.82 394696 0.50 1.804961e-08 1.810624e-09 2.911906e-10 423
8345.32 394672 0.50 1.803911e-08 1.638333e-09 2.519045e-10 404
8345.82 394648 0.50 1.804441e-08 1.458050e-09 2.118737e-10 351
8346.32 394624 0.50 1.804263e-08 1.316892e-09 1.805060e-10 325
8346.82 394600 0.50 1.804532e-08 1.184462e-09 1.513464e-10 265
8347.31 394576 0.50 1.804153e-08 1.076397e-09 1.288146e-10 292
8347.81 394552 0.50 1.804197e-08 9.719799e-10 1.072931e-10 271
8348.31 394528 0.50 1.804176e-08 8.629713e-10 8.810464e-11 232
8348.81 394504 0.50 1.803804e-08 7.532437e-10 6.942022e-11 202
8349.31 394480 0.50 1.803524e-08 6.679144e-10 5.729293e-11 169
8349.80 394456 0.50 1.803063e-08 5.980755e-10 4.778712e-11 139
8350.30 394432 0.50 1.802838e-08 5.397626e-10 4.053852e-11 122
8350.80 394408 0.50 1.802244e-08 4.967868e-10 3.515906e-11 120
8351.30 394384 0.50 1.801116e-08 4.704491e-10 3.203869e-11 126
8351.80 394360 0.50 1.801220e-08 4.491623e-10 2.883794e-11 116
8352.30 394336 0.50 1.800549e-08 4.373101e-10 2.741661e-11 82
8352.80 394312 0.50 1.800715e-08 4.304508e-10 2.632300e-11 104
8353.29 394288 0.50 1.800679e-08 4.255519e-10 2.594630e-11 107
8353.79 394264 0.50 1.800026e-08 4.225888e-10 2.503526e-11 107
8354.29 394240 0.50 1.799538e-08 4.183896e-10 2.498979e-11 91
8354.79 394216 0.50 1.799336e-08 4.156064e-10 2.474610e-11 97
8355.29 394192 0.50 1.799193e-08 4.126159e-10 2.508095e-11 91
8355.79 394168 0.50 1.798661e-08 4.075061e-10 2.492118e-11 81
8356.29 394144 0.50 1.798914e-08 4.045802e-10 2.485087e-11 79
8356.79 394120 0.50 1.798593e-08 4.028000e-10 2.459460e-11 91
8357.29 394096 0.50 1.798007e-08 4.040401e-10 2.492605e-11 92
8357.79 394072 0.50 1.798064e-08 4.082122e-10 2.478646e-11 92
8358.28 394048 0.50 1.797884e-08 4.142794e-10 2.550972e-11 90
8358.78 394024 0.50 1.798211e-08 4.212475e-10 2.490814e-11 101
8359.28 394000 0.50 1.798182e-08 4.297075e-10 2.531183e-11 102
8359.78 393976 0.50 1.798275e-08 4.387327e-10 2.506667e-11 114
8360.28 393952 0.50 1.798378e-08 4.448376e-10 2.514695e-11 113
8360.78 393928 0.50 1.798649e-08 4.503764e-10 2.431643e-11 99
8361.28 393904 0.50 1.798434e-08 4.556851e-10 2.461002e-11 117
8361.78 393880 0.50 1.798753e-08 4.587583e-10 2.409757e-11 112
8362.28 393856 0.50 1.798650e-08 4.620756e-10 2.500010e-11 115
8362.78 393832 0.50 1.798489e-08 4.664236e-10 2.493048e-11 106
8363.28 393808 0.50 1.798939e-08 4.719085e-10 2.519424e-11 111
8363.78 393784 0.50 1.799011e-08 4.779128e-10 2.556698e-11 100
8364.28 393760 0.50 1.798434e-08 4.845899e-10 2.636269e-11 127
8364.78 393736 0.50 1.798504e-08 4.936429e-10 2.675776e-11 123
8365.28 393712 0.50 1.798138e-08 5.018461e-10 2.778311e-11 138
8365.78 393688 0.50 1.797698e-08 5.092088e-10 2.784661e-11 134
8366.28 393664 0.50 1.798738e-08 5.176697e-10 2.865741e-11 125
8366.78 393640 0.50 1.798632e-08 5.287499e-10 2.944053e-11 151
8367.28 393616 0.50 1.798750e-08 5.410113e-10 3.056998e-11 122
8367.78 393592 0.50 1.799188e-08 5.513397e-10 3.085937e-11 135
8368.28 393568 0.50 1.799131e-08 5.622525e-10 3.208882e-11 146
8368.78 393544 0.50 1.798989e-08 5.747534e-10 3.332520e-11 151
8369.29 393520 0.50 1.798955e-08 5.881940e-10 3.360109e-11 153
8369.79 393496 0.50 1.798895e-08 5.985065e-10 3.503012e-11 157
8370.29 393472 0.50 1.798364e-08 6.115260e-10 3.565030e-11 136
8370.79 393448 0.50 1.798003e-08 6.242555e-10 3.661928e-11 158
8371.29 393424 0.50 1.798691e-08 6.339494e-10 3.714737e-11 162
8371.79 393400 0.50 1.798404e-08 6.425681e-10 3.806850e-11 185
8372.29 393376 0.50 1.798495e-08 6.530744e-10 3.813552e-11 206
8372.79 393352 0.50 1.798707e-08 6.615766e-10 3.919125e-11 163
8373.29 393328 0.50 1.798547e-08 6.673879e-10 3.937099e-11 202
8373.79 393304 0.50 1.798660e-08 6.723681e-10 3.947361e-11 188
8374.30 393280 0.50 1.798674e-08 6.790081e-10 3.973578e-11 197
8374.80 393256 0.50 1.798825e-08 6.842787e-10 4.000306e-11 189
8375.30 393232 0.50 1.798502e-08 6.898924e-10 4.016091e-11 210
8375.80 393208 0.50 1.798704e-08 6.934806e-10 4.034268e-11 190
8376.30 393184 0.50 1.799148e-08 6.956791e-10 4.005692e-11 187
8376.80 393160 0.50 1.798611e-08 6.978847e-10 4.004934e-11 196
8377.30 393136 0.50 1.798672e-08 6.997787e-10 3.946726e-11 201
8377.81 393112 0.50 1.798630e-08 7.009039e-10 3.931112e-11 198
8378.31 393088 0.50 1.798324e-08 7.022239e-10 3.881161e-11 200
8378.81 393064 0.50 1.798719e-08 7.019523e-10 3.800297e-11 221
8379.31 393040 0.50 1.798491e-08 6.992969e-10 3.737042e-11 182
8379.81 393016 0.50 1.798474e-08 6.983223e-10 3.651609e-11 194
8380.32 392992 0.50 1.798365e-08 6.952468e-10 3.608257e-11 170
8380.82 392968 0.50 1.798146e-08 6.912904e-10 3.521678e-11 192
8381.32 392944 0.50 1.797818e-08 6.872317e-10 3.497683e-11 184
8381.82 392920 0.50 1.798186e-08 6.831563e-10 3.418067e-11 201
8382.32 392896 0.50 1.797950e-08 6.790298e-10 3.350255e-11 171
8382.83 392872 0.50 1.798614e-08 6.746151e-10 3.279994e-11 197
8383.33 392848 0.50 1.798610e-08 6.693120e-10 3.242199e-11 184
8383.83 392824 0.50 1.798495e-08 6.640255e-10 3.167401e-11 183
8384.33 392800 0.50 1.798150e-08 6.581989e-10 3.077590e-11 208
8384.84 392776 0.50 1.797751e-08 6.523048e-10 3.041530e-11 179
8385.34 392752 0.50 1.798687e-08 6.457528e-10 3.016820e-11 222
8385.84 392728 0.50 1.798245e-08 6.404450e-10 2.959747e-11 178
8386.35 392704 0.50 1.797668e-08 6.357739e-10 2.947375e-11 171
8386.85 392680 0.50 1.797648e-08 6.301225e-10 2.935480e-11 174
8387.35 392656 0.50 1.797529e-08 6.261781e-10 2.896131e-11 184
8387.85 392632 0.50 1.797831e-08 6.228683e-10 2.870708e-11 183
8388.36 392608 0.50 1.797270e-08 6.192232e-10 2.918674e-11 161
8388.86 392584 0.50 1.796634e-08 6.176597e-10 2.921736e-11 173
8389.36 392560 0.50 1.796528e-08 6.150453e-10 2.929493e-11 196
8389.87 392536 0.50 1.796470e-08 6.147069e-10 2.954894e-11 168
8390.37 392512 0.50 1.796061e-08 6.133321e-10 2.986305e-11 176
8390.87 392488 0.50 1.795966e-08 6.125717e-10 3.007668e-11 159
8391.38 392464 0.50 1.796204e-08 6.127879e-10 3.068620e-11 150
8391.88 392440 0.50 1.795965e-08 6.143505e-10 3.143950e-11 167
8392.38 392416 0.50 1.796157e-08 6.144504e-10 3.184094e-11 177
8392.89 392392 0.50 1.795807e-08 6.159214e-10 3.217954e-11 157
8393.39 392368 0.50 1.795551e-08 6.171109e-10 3.279097e-11 181
8393.89 392344 0.50 1.796044e-08 6.182358e-10 3.312288e-11 175
8394.40 392320 0.50 1.795553e-08 6.196086e-10 3.420879e-11 174
8394.90 392296 0.50 1.794569e-08 6.204393e-10 3.442560e-11 202
8395.41 392272 0.50 1.794708e-08 6.218538e-10 3.450588e-11 160
8395.91 392248 0.50 1.794929e-08 6.217703e-10 3.537837e-11 159
8396.41 392224 0.50 1.795106e-08 6.234148e-10 3.584737e-11 185
8396.92 392200 0.50 1.794879e-08 6.240470e-10 3.619880e-11 162
8397.42 392176 0.50 1.794945e-08 6.234510e-10 3.593969e-11 161
8397.93 392152 0.50 1.794529e-08 6.225652e-10 3.650407e-11 176
8398.43 392128 0.50 1.795200e-08 6.209144e-10 3.696923e-11 145
8398.94 392104 0.50 1.794516e-08 6.195420e-10 3.654920e-11 183
8399.44 392080 0.50 1.794780e-08 6.174060e-10 3.643649e-11 166
8399.94 392056 0.50 1.794576e-08 6.157868e-10 3.650554e-11 172
8400.45 392032 0.50 1.794660e-08 6.135561e-10 3.634995e-11 150
8400.95 392008 0.50 1.794095e-08 6.109165e-10 3.598210e-11 150
8401.46 391984 0.50 1.794074e-08 6.068366e-10 3.576427e-11 179
8401.96 391960 0.50 1.794088e-08 6.047715e-10 3.572866e-11 159
8402.47 391936 0.50 1.793588e-08 6.005187e-10 3.560563e-11 162
8402.97 391912 0.50 1.793615e-08 5.964266e-10 3.536975e-11 163
8403.48 391888 0.50 1.793281e-08 5.932856e-10 3.522518e-11 163
8403.98 391864 0.50 1.793738e-08 5.900960e-10 3.498251e-11 140
8404.49 391840 0.50 1.793373e-08 5.868354e-10 3.499000e-11 166
8404.99 391816 0.50 1.793399e-08 5.843789e-10 3.488873e-11 169
8405.50 391792 0.50 1.793139e-08 5.811502e-10 3.477510e-11 149
8406.00 391768 0.50 1.793241e-08 5.781216e-10 3.454604e-11 151
8406.51 391744 0.50 1.793362e-08 5.755062e-10 3.470661e-11 147
8407.01 391720 0.50 1.793190e-08 5.726814e-10 3.425064e-11 151
8407.52 391696 0.50 1.792804e-08 5.701955e-10 3.442526e-11 156
8408.02 391672 0.50 1.793083e-08 5.688134e-10 3.423952e-11 124
8408.53 391648 0.50 1.792354e-08 5.663018e-10 3.427717e-11 146
8409.04 391624 0.50 1.792603e-08 5.643181e-10 3.380624e-11 145
8409.54 391600 0.50 1.792824e-08 5.622031e-10 3.377380e-11 148
8410.05 391576 0.50 1.792944e-08 5.602622e-10 3.324264e-11 132
8410.55 391552 0.50 1.793620e-08 5.595353e-10 3.374228e-11 137
8411.06 391528 0.50 1.793016e-08 5.579169e-10 3.289111e-11 148
8411.56 391504 0.50 1.792885e-08 5.571332e-10 3.376405e-11 130
8412.07 391480 0.50 1.793745e-08 5.559273e-10 3.242607e-11 166
8412.58 391456 0.50 1.793015e-08 5.548735e-10 3.270673e-11 156
8413.08 391432 0.50 1.793352e-08 5.542302e-10 3.223601e-11 166
8414.09 391384 1.00 1.792916e-08 5.526305e-10 3.215675e-11 303
8415.95 391296 1.01 1.792741e-08 5.505255e-10 3.197037e-11 257
8417.81 391208 1.01 1.792551e-08 5.501174e-10 3.145834e-11 285
8419.67 391120 1.02 1.792393e-08 5.501323e-10 3.086985e-11 261
8421.53 391032 1.03 1.792306e-08 5.528315e-10 3.028132e-11 284
8423.56 390936 1.04 1.791529e-08 5.579822e-10 2.965516e-11 295
8425.42 390848 1.04 1.790836e-08 5.646186e-10 2.959027e-11 325
8427.45 390752 1.05 1.790756e-08 5.757431e-10 2.916775e-11 334
8429.31 390664 1.06 1.791099e-08 5.875078e-10 2.894403e-11 382
8431.34 390568 1.06 1.790890e-08 6.014089e-10 2.877473e-11 338
8433.38 390472 1.07 1.789945e-08 6.124413e-10 2.853704e-11 375
8435.41 390376 1.08 1.789795e-08 6.224098e-10 2.849638e-11 379
8437.45 390280 1.09 1.790226e-08 6.303144e-10 2.946270e-11 431
8439.66 390176 1.09 1.789686e-08 6.371098e-10 3.033688e-11 405
8441.69 390080 1.10 1.789392e-08 6.406379e-10 3.131995e-11 429
8443.90 389976 1.11 1.789523e-08 6.443185e-10 3.247902e-11 398
8445.94 389880 1.12 1.789374e-08 6.456182e-10 3.356017e-11 391
8448.15 389776 1.13 1.789572e-08 6.474742e-10 3.504915e-11 431
8450.37 389672 1.13 1.789364e-08 6.485416e-10 3.589260e-11 435
8452.58 389568 1.14 1.788886e-08 6.488678e-10 3.681077e-11 419
8454.80 389464 1.15 1.788125e-08 6.493175e-10 3.798852e-11 415
8457.01 389360 1.16 1.786916e-08 6.491828e-10 3.970255e-11 395
8459.40 389248 1.17 1.786330e-08 6.497122e-10 4.148570e-11 420
8461.62 389144 1.17 1.786153e-08 6.489314e-10 4.258680e-11 401
8464.01 389032 1.18 1.785579e-08 6.484147e-10 4.269193e-11 414
8466.23 388928 1.19 1.786464e-08 6.472554e-10 4.214407e-11 430
8468.62 388816 1.20 1.786264e-08 6.453714e-10 4.104079e-11 470
8471.02 388704 1.21 1.786112e-08 6.430354e-10 3.952235e-11 457
8473.42 388592 1.22 1.785452e-08 6.391872e-10 3.829654e-11 406
8475.81 388480 1.23 1.784760e-08 6.367239e-10 3.722433e-11 428
8478.21 388368 1.24 1.785162e-08 6.333419e-10 3.640100e-11 444
8480.78 388248 1.24 1.784661e-08 6.306133e-10 3.613570e-11 470
8483.19 388136 1.25 1.784815e-08 6.284847e-10 3.627674e-11 446
8485.76 388016 1.26 1.784274e-08 6.267045e-10 3.667361e-11 488
8488.17 387904 1.27 1.784313e-08 6.266676e-10 3.590677e-11 440
8490.74 387784 1.28 1.783249e-08 6.273303e-10 3.461675e-11 461
8493.32 387664 1.29 1.783254e-08 6.295338e-10 3.273683e-11 455
8495.90 387544 1.30 1.783779e-08 6.324498e-10 3.130803e-11 490
8498.49 387424 1.31 1.783920e-08 6.368764e-10 3.031240e-11 511
8501.07 387304 1.32 1.784406e-08 6.410455e-10 3.037517e-11 492
8503.83 387176 1.33 1.784085e-08 6.448668e-10 3.035323e-11 494
8506.42 387056 1.34 1.783676e-08 6.485608e-10 3.063925e-11 496
8509.18 386928 1.35 1.783291e-08 6.515256e-10 3.155619e-11 514
8511.77 386808 1.36 1.783463e-08 6.545783e-10 3.312605e-11 534
8514.54 386680 1.37 1.782949e-08 6.571094e-10 3.504545e-11 569
8517.31 386552 1.38 1.782874e-08 6.600714e-10 3.792815e-11 565
8520.08 386424 1.39 1.782588e-08 6.634684e-10 4.110003e-11 546
8522.85 386296 1.40 1.781916e-08 6.661220e-10 4.454640e-11 517
8525.62 386168 1.41 1.781940e-08 6.701926e-10 4.755420e-11 561
8528.57 386032 1.42 1.781243e-08 6.736321e-10 4.885235e-11 528
8531.35 385904 1.43 1.780573e-08 6.773225e-10 4.864093e-11 550
8534.30 385768 1.44 1.779902e-08 6.814745e-10 4.668025e-11 597
8537.08 385640 1.45 1.779067e-08 6.855195e-10 4.471355e-11 587
8540.04 385504 1.46 1.777984e-08 6.891322e-10 4.311096e-11 603
8542.99 385368 1.47 1.777587e-08 6.934737e-10 4.159710e-11 596
8545.96 385232 1.48 1.776704e-08 6.963103e-10 4.134524e-11 688
8548.92 385096 1.49 1.776572e-08 6.999544e-10 4.130114e-11 659
8551.88 384960 1.51 1.776012e-08 7.022049e-10 4.162393e-11 608
8555.03 384816 1.52 1.775105e-08 7.039572e-10 4.203380e-11 625
8557.99 384680 1.53 1.774287e-08 7.054703e-10 4.280683e-11 643
8560.97 384544 1.54 1.771811e-08 7.062660e-10 4.339840e-11 618
8564.12 384400 1.55 1.764995e-08 7.046005e-10 4.445874e-11 686
8567.27 384256 1.56 1.681381e-08 6.643260e-10 4.422087e-11 640
8570.42 384112 1.57 1.617965e-08 6.526927e-10 4.004043e-11 590
8573.40 383976 1.58 1.766485e-08 7.098978e-10 4.292640e-11 668
8576.56 383832 1.60 1.772325e-08 7.140667e-10 4.135397e-11 703
8579.90 383680 1.61 1.772752e-08 7.165740e-10 4.016380e-11 693
8583.06 383536 1.62 1.772152e-08 7.190377e-10 3.996236e-11 714
8586.22 383392 1.63 1.771435e-08 7.207193e-10 3.946478e-11 704
8589.57 383240 1.64 1.770374e-08 7.226195e-10 3.979641e-11 764
8592.74 383096 1.65 1.769556e-08 7.242661e-10 4.071830e-11 719
8596.09 382944 1.67 1.768463e-08 7.260842e-10 4.221334e-11 703
8599.44 382792 1.68 1.767127e-08 7.273478e-10 4.465988e-11 719
8602.62 382648 1.69 1.764463e-08 7.279535e-10 4.666031e-11 773
8605.97 382496 1.70 1.762276e-08 7.298004e-10 4.909861e-11 762
8609.33 382344 1.72 1.759944e-08 7.308396e-10 5.055004e-11 771
8612.87 382184 1.73 1.755531e-08 7.317921e-10 5.146234e-11 815
8616.24 382032 1.74 1.747033e-08 7.301976e-10 5.134293e-11 785
8619.61 381880 1.75 1.711431e-08 7.169538e-10 5.059540e-11 771
8623.16 381720 1.77 1.413246e-08 5.913723e-10 4.317673e-11 627
8626.53 381568 1.78 1.783251e-08 7.555905e-10 5.298318e-11 806
8630.08 381408 1.79 1.777582e-08 7.577957e-10 5.330186e-11 840
8633.64 381248 1.80 1.773775e-08 7.611332e-10 5.354376e-11 867
8637.02 381096 1.82 1.771668e-08 7.650120e-10 5.364674e-11 819
8640.58 380936 1.83 1.770456e-08 7.699159e-10 5.343663e-11 921
8644.15 380776 1.84 1.769542e-08 7.749462e-10 5.314251e-11 927
8647.90 380608 1.86 1.768554e-08 7.793466e-10 5.290410e-11 947
8651.47 380448 1.87 1.767432e-08 7.840458e-10 5.300538e-11 829
8655.05 380288 1.88 1.765915e-08 7.879870e-10 5.310138e-11 935
8658.80 380120 1.90 1.764545e-08 7.906197e-10 5.326656e-11 946
8662.38 379960 1.91 1.762155e-08 7.930162e-10 5.289688e-11 996
8666.15 379792 1.92 1.759323e-08 7.953156e-10 5.298239e-11 980
8669.92 379624 1.94 1.755694e-08 7.970780e-10 5.273570e-11 1002
8673.51 379464 1.95 1.738516e-08 7.925738e-10 5.208456e-11 1008
8677.28 379296 1.96 1.590385e-08 7.209983e-10 4.796799e-11 902
8681.06 379128 1.98 1.746074e-08 8.039603e-10 5.416277e-11 1075
8684.84 378960 1.99 1.761443e-08 8.126245e-10 5.544148e-11 1040
8688.80 378784 2.01 1.762508e-08 8.160015e-10 5.706548e-11 1024
8692.59 378616 2.02 1.762868e-08 8.183289e-10 5.835886e-11 1050
8696.38 378448 2.03 1.762471e-08 8.207086e-10 5.980343e-11 1136
8700.36 378272 2.05 1.761616e-08 8.232272e-10 6.039602e-11 1153
8704.15 378104 2.06 1.760458e-08 8.252681e-10 6.060998e-11 1131
8708.14 377928 2.08 1.760670e-08 8.278642e-10 6.074740e-11 1115
8712.12 377752 2.09 1.759991e-08 8.309332e-10 6.165513e-11 1160
8716.11 377576 2.11 1.758951e-08 8.340700e-10 6.328884e-11 1243
8720.11 377400 2.12 1.757620e-08 8.373332e-10 6.506787e-11 1241
8724.10 377224 2.14 1.757839e-08 8.410965e-10 6.588073e-11 1177
8728.10 377048 2.15 1.757002e-08 8.449783e-10 6.636899e-11 1255
8732.11 376872 2.17 1.756324e-08 8.482863e-10 6.713660e-11 1206
8736.30 376688 2.18 1.756395e-08 8.523367e-10 6.736574e-11 1224
8740.31 376512 2.20 1.755146e-08 8.562899e-10 6.764076e-11 1308
8744.51 376328 2.21 1.754978e-08 8.602438e-10 6.793213e-11 1300
8748.53 376152 2.23 1.754281e-08 8.649102e-10 6.809212e-11 1334
8752.74 375968 2.24 1.754155e-08 8.680101e-10 6.842100e-11 1382
8756.95 375784 2.26 1.753365e-08 8.731231e-10 6.848509e-11 1384
8761.17 375600 2.27 1.753090e-08 8.770369e-10 6.872566e-11 1387
8765.39 375416 2.29 1.752788e-08 8.806808e-10 6.883696e-11 1379
8769.61 375232 2.30 1.752489e-08 8.845863e-10 6.909952e-11 1405
8773.84 375048 2.32 1.751839e-08 8.877034e-10 6.934490e-11 1491
8778.07 374864 2.33 1.751133e-08 8.922674e-10 6.976621e-11 1529
8782.31 374680 2.35 1.750438e-08 8.964556e-10 7.027008e-11 1474
8786.73 374488 2.37 1.749260e-08 9.001180e-10 7.128636e-11 1553
8790.98 374304 2.38 1.748761e-08 9.045726e-10 7.254133e-11 1534
8795.41 374112 2.40 1.747397e-08 9.085842e-10 7.422453e-11 1486
8799.85 373920 2.41 1.745424e-08 9.124678e-10 7.563037e-11 1550
8804.11 373736 2.43 1.745299e-08 9.165113e-10 7.693169e-11 1513
8808.55 373544 2.45 1.744523e-08 9.206487e-10 7.772043e-11 1553
8813.01 373352 2.46 1.744939e-08 9.255845e-10 7.860481e-11 1611
8817.46 373160 2.48 1.743393e-08 9.294703e-10 7.900227e-11 1676
8821.92 372968 2.49 1.741565e-08 9.333228e-10 7.984018e-11 1598
8826.58 372768 2.51 1.737417e-08 9.346591e-10 8.042005e-11 1646
8831.05 372576 2.53 1.739590e-08 9.406964e-10 8.186670e-11 1657
8835.52 372384 2.54 1.739332e-08 9.445322e-10 8.331447e-11 1735
8840.19 372184 2.56 1.739411e-08 9.489329e-10 8.455179e-11 1775
8844.68 371992 2.58 1.738841e-08 9.529936e-10 8.546391e-11 1676
8849.35 371792 2.59 1.738770e-08 9.576512e-10 8.655267e-11 1812
8854.03 371592 2.61 1.737463e-08 9.611493e-10 8.748989e-11 1796
8858.53 371400 2.63 1.736642e-08 9.653941e-10 8.851618e-11 1871
8863.23 371200 2.65 1.736959e-08 9.688839e-10 8.930674e-11 1765
8867.92 371000 2.66 1.736515e-08 9.732041e-10 9.009995e-11 1826
8872.63 370800 2.68 1.736159e-08 9.778639e-10 9.067479e-11 1926
8877.33 370600 2.70 1.734955e-08 9.818960e-10 9.107083e-11 2017
8882.23 370392 2.72 1.732579e-08 9.838853e-10 9.117135e-11 1897
8886.95 370192 2.73 1.731759e-08 9.877725e-10 9.147028e-11 1865
8891.68 369992 2.75 1.730299e-08 9.915609e-10 9.149136e-11 1952
8896.59 369784 2.77 1.727786e-08 9.948634e-10 9.168665e-11 2003
8901.33 369584 2.79 1.728291e-08 1.000023e-09 9.262598e-11 2033
8906.25 369376 2.80 1.727669e-08 1.004935e-09 9.379899e-11 2113
8911.19 369168 2.82 1.725946e-08 1.008872e-09 9.531007e-11 2071
8915.94 368968 2.84 1.724029e-08 1.012468e-09 9.675004e-11 2181
8920.88 368760 2.86 1.702595e-08 1.005355e-09 9.735308e-11 2073
8925.83 368552 2.87 1.724310e-08 1.022926e-09 1.000096e-10 2236
8930.79 368344 2.89 1.719801e-08 1.024776e-09 1.011779e-10 2236
8935.75 368136 2.91 1.725143e-08 1.033838e-09 1.028174e-10 2312
8940.91 367920 2.93 1.723127e-08 1.038226e-09 1.039181e-10 2156
8945.88 367712 2.95 1.722378e-08 1.043520e-09 1.052412e-10 2374
8950.86 367504 2.97 1.718921e-08 1.047117e-09 1.061612e-10 2315
8956.04 367288 2.99 1.720323e-08 1.052923e-09 1.072943e-10 2427
8961.03 367080 3.00 1.720165e-08 1.057416e-09 1.086804e-10 2544
8966.22 366864 3.02 1.719944e-08 1.062379e-09 1.098891e-10 2382
8971.22 366656 3.04 1.718739e-08 1.067108e-09 1.110463e-10 2493
8976.42 366440 3.06 1.717147e-08 1.072685e-09 1.123656e-10 2632
8981.63 366224 3.08 1.714827e-08 1.078417e-09 1.139191e-10 2540
8986.84 366008 3.10 1.712227e-08 1.106471e-09 1.149259e-10 2501
8992.06 365792 3.12 1.705768e-08 1.138815e-09 1.157321e-10 2651
8997.29 365576 3.14 1.703535e-08 1.163310e-09 1.167090e-10 2666
9002.52 365360 3.16 1.699890e-08 1.190091e-09 1.172086e-10 2591
9007.76 365144 3.17 1.694770e-08 1.188195e-09 1.178642e-10 2749
9013.00 364928 3.19 1.696297e-08 1.195822e-09 1.193143e-10 2607
9018.25 364712 3.21 1.695954e-08 1.197834e-09 1.204101e-10 2802
9023.70 364488 3.23 1.697399e-08 1.204773e-09 1.215179e-10 2809
9028.97 364272 3.25 1.698600e-08 1.212384e-09 1.227461e-10 2821
9034.43 364048 3.27 1.697786e-08 1.218080e-09 1.239380e-10 2891
9039.71 363832 3.29 1.696431e-08 1.220316e-09 1.250033e-10 2908
9045.19 363608 3.31 1.693468e-08 1.221724e-09 1.264736e-10 3002
9050.67 363384 3.33 1.691921e-08 1.228873e-09 1.276494e-10 2949
9056.17 363160 3.35 1.691744e-08 1.236184e-09 1.294441e-10 3116
9061.47 362944 3.37 1.675344e-08 1.231232e-09 1.295038e-10 3057
9066.97 362720 3.39 1.689248e-08 1.246989e-09 1.325558e-10 3138
9072.49 362496 3.41 1.688304e-08 1.253246e-09 1.339044e-10 3132
9078.20 362264 3.43 1.687659e-08 1.259546e-09 1.356145e-10 3183
9083.73 362040 3.45 1.687192e-08 1.266414e-09 1.374635e-10 3294
9089.26 361816 3.47 1.686021e-08 1.270134e-09 1.388935e-10 3307
9094.80 361592 3.49 1.684893e-08 1.273652e-09 1.407578e-10 3259
9100.55 361360 3.51 1.672341e-08 1.269494e-09 1.417906e-10 3321
9106.10 361136 3.54 1.682006e-08 1.281581e-09 1.441818e-10 3473
9111.86 360904 3.56 1.681194e-08 1.285953e-09 1.456096e-10 3422
9117.43 360680 3.58 1.679669e-08 1.293347e-09 1.474439e-10 3501
9123.20 360448 3.60 1.678420e-08 1.300031e-09 1.492250e-10 3591
9128.79 360224 3.62 1.677403e-08 1.305973e-09 1.510281e-10 3452
9134.58 359992 3.64 1.676835e-08 1.313241e-09 1.528040e-10 3702
9140.37 359760 3.66 1.675782e-08 1.321446e-09 1.548171e-10 3577
9146.18 359528 3.68 1.674140e-08 1.326858e-09 1.562645e-10 3745
9151.99 359296 3.70 1.672147e-08 1.330384e-09 1.577835e-10 3796
9157.81 359064 3.72 1.660978e-08 1.325524e-09 1.583696e-10 3764
9163.64 358832 3.75 1.674050e-08 1.340959e-09 1.611328e-10 3846
9169.47 358600 3.77 1.670231e-08 1.343247e-09 1.626480e-10 3759
9175.52 358360 3.79 1.668534e-08 1.350242e-09 1.644519e-10 3944
9181.37 358128 3.81 1.629150e-08 1.325374e-09 1.618826e-10 3970
9187.22 357896 3.83 1.670699e-08 1.366680e-09 1.688258e-10 3977
9193.29 357656 3.85 1.667903e-08 1.370605e-09 1.703996e-10 4165
9199.17 357424 3.88 1.666089e-08 1.375756e-09 1.721583e-10 4287
9205.25 357184 3.90 1.664485e-08 1.381166e-09 1.739598e-10 4274
9211.14 356952 3.92 1.662941e-08 1.387109e-09 1.761397e-10 4341
9217.24 356712 3.94 1.661253e-08 1.393287e-09 1.778135e-10 4344
9223.35 356472 3.96 1.659909e-08 1.400531e-09 1.804933e-10 4449
9229.26 356240 3.99 1.658909e-08 1.406372e-09 1.828357e-10 4397
