8033.13 410328 0.50 1.635628e-08 2.350892e-09 1.182829e-09 29
8043.11 409808 0.50 1.635527e-08 2.352349e-09 1.184210e-09 27
8053.12 409288 0.50 1.634963e-08 2.366721e-09 1.199571e-09 36
8063.00 408776 0.50 1.632825e-08 2.382877e-09 1.219134e-09 37
8073.06 408256 0.50 1.638000e-08 2.409491e-09 1.244256e-09 31
8083.14 407736 0.50 1.636414e-08 2.424147e-09 1.264106e-09 23
8093.10 407224 0.50 1.641548e-08 2.452416e-09 1.287467e-09 25
8103.08 406712 0.50 1.640350e-08 2.469042e-09 1.311649e-09 31
8113.08 406200 0.50 1.640974e-08 2.489893e-09 1.331624e-09 27
8123.11 405688 0.50 1.641024e-08 2.507842e-09 1.355525e-09 35
8133.01 405184 0.50 1.641497e-08 2.528326e-09 1.378015e-09 35
8143.10 404672 0.50 1.641258e-08 2.548021e-09 1.401225e-09 42
8153.05 404168 0.50 1.641065e-08 2.566724e-09 1.423291e-09 38
8163.02 403664 0.50 1.640164e-08 2.584421e-09 1.446336e-09 28
8173.02 403160 0.50 1.639874e-08 2.602409e-09 1.469989e-09 38
8183.05 402656 0.50 1.639430e-08 2.621177e-09 1.493548e-09 54
8193.10 402152 0.50 1.638954e-08 2.639353e-09 1.516060e-09 37
8203.02 401656 0.50 1.640231e-08 2.659391e-09 1.540769e-09 41
8213.12 401152 0.50 1.640019e-08 2.678328e-09 1.566410e-09 38
8223.08 400656 0.50 1.639744e-08 2.696295e-09 1.588915e-09 37
8233.08 400160 0.50 1.638579e-08 2.718256e-09 1.615879e-09 43
8243.09 399664 0.50 1.638411e-08 2.731881e-09 1.638385e-09 45
8253.13 399168 0.50 1.637919e-08 2.750998e-09 1.662300e-09 40
8263.04 398680 0.50 1.637308e-08 2.769866e-09 1.686874e-09 42
8273.13 398184 0.50 1.636404e-08 2.787850e-09 1.712056e-09 49
8283.09 397696 0.50 1.623848e-08 2.782966e-09 1.721495e-09 52
8293.06 397208 0.50 1.635359e-08 2.821829e-09 1.757433e-09 51
8303.07 396720 0.50 1.634772e-08 2.835217e-09 1.777834e-09 62
8313.10 396232 0.50 1.633713e-08 2.845169e-09 1.789522e-09 46
8313.59 396208 0.50 1.634060e-08 2.845653e-09 1.789416e-09 74
8314.08 396184 0.50 1.633946e-08 2.847575e-09 1.790715e-09 58
8314.58 396160 0.50 1.634003e-08 2.847486e-09 1.791576e-09 60
8315.07 396136 0.50 1.633488e-08 2.845899e-09 1.789525e-09 81
8315.57 396112 0.50 1.633938e-08 2.847830e-09 1.793446e-09 50
8316.06 396088 0.50 1.634156e-08 2.848303e-09 1.791968e-09 77
8316.55 396064 0.50 1.633404e-08 2.848817e-09 1.793668e-09 60
8317.05 396040 0.50 1.633946e-08 2.848462e-09 1.792210e-09 60
8317.54 396016 0.50 1.633574e-08 2.850731e-09 1.793637e-09 62
8318.04 395992 0.50 1.633772e-08 2.849174e-09 1.791419e-09 72
8318.53 395968 0.50 1.633659e-08 2.851927e-09 1.794142e-09 73
8319.03 395944 0.50 1.633555e-08 2.850254e-09 1.792089e-09 80
8319.52 395920 0.50 1.633536e-08 2.850005e-09 1.789543e-09 81
8320.02 395896 0.50 1.633973e-08 2.850877e-09 1.792523e-09 74
8320.51 395872 0.50 1.633130e-08 2.851461e-09 1.790626e-09 76
8321.00 395848 0.50 1.633324e-08 2.852817e-09 1.790104e-09 65
8321.50 395824 0.50 1.633846e-08 2.851970e-09 1.790732e-09 68
8321.99 395800 0.50 1.633801e-08 2.853825e-09 1.791255e-09 68
8322.49 395776 0.50 1.633772e-08 2.852136e-09 1.790136e-09 85
8322.98 395752 0.50 1.634322e-08 2.853750e-09 1.789056e-09 71
8323.48 395728 0.50 1.633666e-08 2.852943e-09 1.788408e-09 64
8323.97 395704 0.50 1.634064e-08 2.851611e-09 1.787809e-09 63
8324.47 395680 0.50 1.633688e-08 2.852524e-09 1.784374e-09 81
8324.96 395656 0.50 1.633606e-08 2.849885e-09 1.783275e-09 61
8325.46 395632 0.50 1.633383e-08 2.850317e-09 1.781438e-09 72
8325.96 395608 0.50 1.633526e-08 2.848828e-09 1.778940e-09 83
8326.45 395584 0.50 1.633173e-08 2.848678e-09 1.776958e-09 75
8326.95 395560 0.50 1.633687e-08 2.847393e-09 1.773305e-09 89
8327.44 395536 0.50 1.633145e-08 2.846803e-09 1.770426e-09 77
8327.94 395512 0.50 1.633255e-08 2.846055e-09 1.765788e-09 92
8328.43 395488 0.50 1.633008e-08 2.844426e-09 1.762605e-09 96
8328.93 395464 0.50 1.632915e-08 2.841425e-09 1.758394e-09 87
8329.42 395440 0.50 1.633210e-08 2.840564e-09 1.751331e-09 96
8329.92 395416 0.50 1.633398e-08 2.837423e-09 1.744901e-09 88
8330.42 395392 0.50 1.633482e-08 2.834616e-09 1.737349e-09 113
8330.91 395368 0.50 1.633367e-08 2.831885e-09 1.729907e-09 114
8331.41 395344 0.50 1.633524e-08 2.827559e-09 1.718847e-09 104
8331.90 395320 0.50 1.632988e-08 2.824504e-09 1.710098e-09 117
8332.40 395296 0.50 1.633349e-08 2.822746e-09 1.697831e-09 122
8332.90 395272 0.50 1.633114e-08 2.814285e-09 1.675230e-09 113
8333.39 395248 0.50 1.632878e-08 2.807918e-09 1.649444e-09 135
8333.89 395224 0.50 1.633057e-08 2.795009e-09 1.611355e-09 168
8334.39 395200 0.50 1.633119e-08 2.775507e-09 1.551369e-09 163
8334.88 395176 0.50 1.632696e-08 2.737302e-09 1.446212e-09 201
8335.38 395152 0.50 1.632385e-08 2.683524e-09 1.318203e-09 249
8335.88 395128 0.50 1.632255e-08 2.627466e-09 1.179621e-09 291
8336.37 395104 0.50 1.631817e-08 2.580173e-09 1.012147e-09 380
8336.87 395080 0.50 1.631835e-08 2.580958e-09 8.916639e-10 415
8337.37 395056 0.50 1.630955e-08 2.618363e-09 8.135445e-10 498
8337.86 395032 0.50 1.630430e-08 2.650133e-09 7.659224e-10 556
8338.36 395008 0.50 1.629361e-08 2.675127e-09 7.058769e-10 572
8338.86 394984 0.50 1.629529e-08 2.669917e-09 6.659078e-10 626
8339.35 394960 0.50 1.629457e-08 2.653211e-09 6.361427e-10 602
8339.85 394936 0.50 1.629828e-08 2.635254e-09 6.191903e-10 563
8340.35 394912 0.50 1.629614e-08 2.599526e-09 5.928489e-10 586
8340.84 394888 0.50 1.629484e-08 2.553461e-09 5.646222e-10 591
8341.34 394864 0.50 1.630252e-08 2.502425e-09 5.366221e-10 586
8341.84 394840 0.50 1.630336e-08 2.435773e-09 5.042022e-10 577
8342.34 394816 0.50 1.630384e-08 2.323176e-09 4.561287e-10 577
8342.83 394792 0.50 1.630080e-08 2.190199e-09 4.080376e-10 551
8343.33 394768 0.50 1.630107e-08 2.064768e-09 3.690991e-10 524
8343.83 394744 0.50 1.629835e-08 1.906134e-09 3.268443e-10 444
8344.33 394720 0.50 1.628953e-08 1.666987e-09 2.695563e-10 442
8344.82 394696 0.50 1.629391e-08 1.498356e-09 2.316583e-10 374
8345.32 394672 0.50 1.629110e-08 1.368344e-09 2.028518e-10 324
8345.82 394648 0.50 1.628473e-08 1.235973e-09 1.732694e-10 294
8346.32 394624 0.50 1.628097e-08 1.118726e-09 1.477452e-10 269
8346.82 394600 0.50 1.627692e-08 1.016883e-09 1.250769e-10 253
8347.31 394576 0.50 1.628222e-08 9.167991e-10 1.044928e-10 227
8347.81 394552 0.50 1.627487e-08 7.951158e-10 8.177937e-11 204
8348.31 394528 0.50 1.627409e-08 6.932002e-10 6.524850e-11 198
8348.81 394504 0.50 1.627531e-08 6.124690e-10 5.304409e-11 143
8349.31 394480 0.50 1.627358e-08 5.487558e-10 4.403851e-11 131
8349.80 394456 0.50 1.627314e-08 4.899821e-10 3.707159e-11 130
8350.30 394432 0.50 1.627157e-08 4.421438e-10 3.100108e-11 99
8350.80 394408 0.50 1.626700e-08 4.165941e-10 2.761015e-11 75
8351.30 394384 0.50 1.625992e-08 4.037401e-10 2.556605e-11 99
8351.80 394360 0.50 1.625997e-08 3.933870e-10 2.430960e-11 84
8352.30 394336 0.50 1.625309e-08 3.866702e-10 2.339867e-11 90
8352.80 394312 0.50 1.624630e-08 3.820012e-10 2.261737e-11 88
8353.29 394288 0.50 1.623938e-08 3.800533e-10 2.242822e-11 91
8353.79 394264 0.50 1.623275e-08 3.765527e-10 2.203360e-11 85
8354.29 394240 0.50 1.623198e-08 3.722955e-10 2.232503e-11 78
8354.79 394216 0.50 1.623128e-08 3.688714e-10 2.190489e-11 78
8355.29 394192 0.50 1.622942e-08 3.657674e-10 2.221549e-11 81
8355.79 394168 0.50 1.623112e-08 3.632112e-10 2.179286e-11 85
8356.29 394144 0.50 1.622612e-08 3.627115e-10 2.215210e-11 83
8356.79 394120 0.50 1.622960e-08 3.644580e-10 2.205662e-11 80
8357.29 394096 0.50 1.623134e-08 3.693113e-10 2.248900e-11 77
8357.79 394072 0.50 1.622984e-08 3.763309e-10 2.225178e-11 87
8358.28 394048 0.50 1.622823e-08 3.843770e-10 2.265457e-11 78
8358.78 394024 0.50 1.622999e-08 3.902063e-10 2.206217e-11 108
8359.28 394000 0.50 1.622932e-08 3.964883e-10 2.228432e-11 95
8359.78 393976 0.50 1.622856e-08 4.026695e-10 2.192757e-11 86
8360.28 393952 0.50 1.623029e-08 4.074994e-10 2.248299e-11 97
8360.78 393928 0.50 1.623194e-08 4.107120e-10 2.158829e-11 104
8361.28 393904 0.50 1.623491e-08 4.142404e-10 2.187507e-11 96
8361.78 393880 0.50 1.623510e-08 4.179292e-10 2.168207e-11 100
8362.28 393856 0.50 1.624131e-08 4.236416e-10 2.275617e-11 109
8362.78 393832 0.50 1.624250e-08 4.288115e-10 2.267021e-11 106
8363.28 393808 0.50 1.624265e-08 4.347263e-10 2.346150e-11 107
8363.78 393784 0.50 1.624032e-08 4.401781e-10 2.337010e-11 120
8364.28 393760 0.50 1.624132e-08 4.472514e-10 2.460001e-11 125
8364.78 393736 0.50 1.624318e-08 4.543566e-10 2.445316e-11 106
8365.28 393712 0.50 1.623991e-08 4.625870e-10 2.565552e-11 103
8365.78 393688 0.50 1.624226e-08 4.689718e-10 2.591962e-11 106
8366.28 393664 0.50 1.623805e-08 4.782197e-10 2.667848e-11 119
8366.78 393640 0.50 1.623701e-08 4.885266e-10 2.686717e-11 118
8367.28 393616 0.50 1.623480e-08 4.969017e-10 2.799355e-11 112
8367.78 393592 0.50 1.624222e-08 5.062940e-10 2.843127e-11 133
8368.28 393568 0.50 1.623915e-08 5.178375e-10 2.954448e-11 146
8368.78 393544 0.50 1.624359e-08 5.304772e-10 3.045598e-11 125
8369.29 393520 0.50 1.624365e-08 5.395156e-10 3.091773e-11 145
8369.79 393496 0.50 1.623776e-08 5.502298e-10 3.189250e-11 140
8370.29 393472 0.50 1.624560e-08 5.616753e-10 3.281918e-11 160
8370.79 393448 0.50 1.624389e-08 5.726751e-10 3.323829e-11 162
8371.29 393424 0.50 1.624179e-08 5.804295e-10 3.373701e-11 162
8371.79 393400 0.50 1.623865e-08 5.883414e-10 3.419684e-11 153
8372.29 393376 0.50 1.624061e-08 5.937222e-10 3.497929e-11 168
8372.79 393352 0.50 1.623835e-08 5.999463e-10 3.551283e-11 178
8373.29 393328 0.50 1.623715e-08 6.049238e-10 3.569233e-11 149
8373.79 393304 0.50 1.623609e-08 6.088036e-10 3.534749e-11 164
8374.30 393280 0.50 1.623171e-08 6.152771e-10 3.588318e-11 165
8374.80 393256 0.50 1.623258e-08 6.193001e-10 3.585653e-11 167
8375.30 393232 0.50 1.623095e-08 6.230121e-10 3.583953e-11 162
8375.80 393208 0.50 1.622952e-08 6.264475e-10 3.543095e-11 173
8376.30 393184 0.50 1.623191e-08 6.287227e-10 3.529057e-11 167
8376.80 393160 0.50 1.622782e-08 6.299610e-10 3.545352e-11 173
8377.30 393136 0.50 1.623049e-08 6.306773e-10 3.483244e-11 198
8377.81 393112 0.50 1.622604e-08 6.306750e-10 3.444121e-11 156
8378.31 393088 0.50 1.623343e-08 6.308468e-10 3.374711e-11 174
8378.81 393064 0.50 1.623003e-08 6.298486e-10 3.364777e-11 162
8379.31 393040 0.50 1.622949e-08 6.272863e-10 3.326846e-11 188
8379.81 393016 0.50 1.622987e-08 6.261963e-10 3.221341e-11 187
8380.32 392992 0.50 1.622329e-08 6.223832e-10 3.158269e-11 150
8380.82 392968 0.50 1.623338e-08 6.181864e-10 3.100663e-11 208
8381.32 392944 0.50 1.623247e-08 6.138685e-10 3.038420e-11 192
8381.82 392920 0.50 1.623068e-08 6.089693e-10 2.958089e-11 164
8382.32 392896 0.50 1.622928e-08 6.028009e-10 2.889199e-11 184
8382.83 392872 0.50 1.623033e-08 5.978854e-10 2.819642e-11 149
8383.33 392848 0.50 1.622860e-08 5.927638e-10 2.729864e-11 162
8383.83 392824 0.50 1.622627e-08 5.865876e-10 2.720894e-11 153
8384.33 392800 0.50 1.622744e-08 5.814137e-10 2.652414e-11 170
8384.84 392776 0.50 1.622927e-08 5.754429e-10 2.631663e-11 167
8385.34 392752 0.50 1.622852e-08 5.706751e-10 2.609833e-11 154
8385.84 392728 0.50 1.622613e-08 5.668231e-10 2.592586e-11 168
8386.35 392704 0.50 1.622015e-08 5.624739e-10 2.558125e-11 159
8386.85 392680 0.50 1.622885e-08 5.596657e-10 2.568058e-11 160
8387.35 392656 0.50 1.622228e-08 5.571953e-10 2.602145e-11 172
8387.85 392632 0.50 1.622095e-08 5.552809e-10 2.659456e-11 174
8388.36 392608 0.50 1.621915e-08 5.529264e-10 2.595976e-11 145
8388.86 392584 0.50 1.621667e-08 5.517837e-10 2.664480e-11 156
8389.36 392560 0.50 1.621225e-08 5.515795e-10 2.632173e-11 158
8389.87 392536 0.50 1.620683e-08 5.512941e-10 2.750242e-11 160
8390.37 392512 0.50 1.620599e-08 5.519775e-10 2.747373e-11 143
8390.87 392488 0.50 1.620410e-08 5.528434e-10 2.819857e-11 145
8391.38 392464 0.50 1.620652e-08 5.532337e-10 2.823463e-11 148
8391.88 392440 0.50 1.620626e-08 5.541660e-10 2.927823e-11 154
8392.38 392416 0.50 1.620371e-08 5.547779e-10 2.921825e-11 134
8392.89 392392 0.50 1.620407e-08 5.562266e-10 2.977219e-11 143
8393.39 392368 0.50 1.620574e-08 5.574244e-10 2.998152e-11 149
8393.89 392344 0.50 1.620574e-08 5.585390e-10 3.071464e-11 156
8394.40 392320 0.50 1.620490e-08 5.589471e-10 3.073233e-11 157
8394.90 392296 0.50 1.620248e-08 5.603762e-10 3.159812e-11 157
8395.41 392272 0.50 1.620248e-08 5.607094e-10 3.152678e-11 175
8395.91 392248 0.50 1.620460e-08 5.607950e-10 3.234994e-11 137
8396.41 392224 0.50 1.620218e-08 5.611685e-10 3.195566e-11 135
8396.92 392200 0.50 1.620065e-08 5.604360e-10 3.261087e-11 128
8397.42 392176 0.50 1.619852e-08 5.596256e-10 3.294425e-11 153
8397.93 392152 0.50 1.619968e-08 5.589180e-10 3.290819e-11 172
8398.43 392128 0.50 1.619470e-08 5.582141e-10 3.269184e-11 157
8398.94 392104 0.50 1.619655e-08 5.560879e-10 3.272790e-11 133
8399.44 392080 0.50 1.619583e-08 5.543370e-10 3.248851e-11 178
8399.94 392056 0.50 1.619801e-08 5.521695e-10 3.249304e-11 154
8400.45 392032 0.50 1.619639e-08 5.497104e-10 3.214027e-11 174
8400.95 392008 0.50 1.619908e-08 5.474765e-10 3.219607e-11 148
8401.46 391984 0.50 1.620083e-08 5.439971e-10 3.192946e-11 153
8401.96 391960 0.50 1.619923e-08 5.421122e-10 3.211000e-11 137
8402.47 391936 0.50 1.619089e-08 5.386506e-10 3.151091e-11 144
8402.97 391912 0.50 1.619548e-08 5.359634e-10 3.165028e-11 147
8403.48 391888 0.50 1.619340e-08 5.330567e-10 3.103283e-11 135
8403.98 391864 0.50 1.619400e-08 5.304501e-10 3.122629e-11 146
8404.49 391840 0.50 1.619158e-08 5.272488e-10 3.158360e-11 125
8404.99 391816 0.50 1.619197e-08 5.245079e-10 3.120134e-11 153
8405.50 391792 0.50 1.618605e-08 5.218456e-10 3.105471e-11 132
8406.00 391768 0.50 1.618771e-08 5.201424e-10 3.119749e-11 120
8406.51 391744 0.50 1.618761e-08 5.177158e-10 3.082134e-11 110
8407.01 391720 0.50 1.618307e-08 5.143859e-10 3.074468e-11 131
8407.52 391696 0.50 1.618140e-08 5.131811e-10 3.085274e-11 150
8408.02 391672 0.50 1.617905e-08 5.115876e-10 3.064886e-11 147
8408.53 391648 0.50 1.617922e-08 5.084374e-10 3.055179e-11 132
8409.04 391624 0.50 1.618232e-08 5.070031e-10 3.027545e-11 127
8409.54 391600 0.50 1.617781e-08 5.053985e-10 3.014288e-11 125
8410.05 391576 0.50 1.618348e-08 5.039990e-10 3.012326e-11 124
8410.55 391552 0.50 1.618487e-08 5.028744e-10 2.988184e-11 114
8411.06 391528 0.50 1.618240e-08 5.015177e-10 2.943960e-11 142
8411.56 391504 0.50 1.618200e-08 5.000311e-10 2.937859e-11 144
8412.07 391480 0.50 1.618530e-08 4.999671e-10 2.893123e-11 123
8412.58 391456 0.50 1.617881e-08 4.983337e-10 2.920633e-11 164
8413.08 391432 0.50 1.618117e-08 4.980736e-10 2.874038e-11 157
8414.09 391384 1.00 1.618043e-08 4.964509e-10 2.851240e-11 286
8415.95 391296 1.01 1.618012e-08 4.951939e-10 2.828798e-11 239
8417.81 391208 1.01 1.618228e-08 4.955466e-10 2.778292e-11 253
8419.67 391120 1.02 1.617842e-08 4.957715e-10 2.702218e-11 284
8421.53 391032 1.03 1.617409e-08 4.992609e-10 2.695726e-11 251
8423.56 390936 1.04 1.617486e-08 5.049466e-10 2.636865e-11 282
8425.42 390848 1.04 1.616621e-08 5.129855e-10 2.629866e-11 272
8427.45 390752 1.05 1.616538e-08 5.232144e-10 2.606006e-11 301
8429.31 390664 1.06 1.616316e-08 5.333265e-10 2.570506e-11 320
8431.34 390568 1.06 1.615948e-08 5.441568e-10 2.551663e-11 360
8433.38 390472 1.07 1.615802e-08 5.541776e-10 2.535145e-11 356
8435.41 390376 1.08 1.614994e-08 5.614607e-10 2.562303e-11 344
8437.45 390280 1.09 1.614552e-08 5.682521e-10 2.631234e-11 346
8439.66 390176 1.09 1.614629e-08 5.739026e-10 2.718259e-11 354
8441.69 390080 1.10 1.614474e-08 5.772245e-10 2.808233e-11 359
8443.90 389976 1.11 1.614762e-08 5.794927e-10 2.891318e-11 335
8445.94 389880 1.12 1.614556e-08 5.814780e-10 3.022074e-11 352
8448.15 389776 1.13 1.614668e-08 5.827301e-10 3.156056e-11 339
8450.37 389672 1.13 1.614259e-08 5.834713e-10 3.218357e-11 407
8452.58 389568 1.14 1.614079e-08 5.845260e-10 3.336068e-11 364
8454.80 389464 1.15 1.613392e-08 5.848046e-10 3.463105e-11 379
8457.01 389360 1.16 1.613096e-08 5.846765e-10 3.626753e-11 342
8459.40 389248 1.17 1.612746e-08 5.844190e-10 3.766815e-11 374
8461.62 389144 1.17 1.611935e-08 5.839572e-10 3.804975e-11 379
8464.01 389032 1.18 1.611747e-08 5.828935e-10 3.808066e-11 375
8466.23 388928 1.19 1.611533e-08 5.821338e-10 3.709955e-11 386
8468.62 388816 1.20 1.611795e-08 5.800838e-10 3.651578e-11 395
8471.02 388704 1.21 1.611596e-08 5.784908e-10 3.527044e-11 381
8473.42 388592 1.22 1.611413e-08 5.751398e-10 3.369606e-11 400
8475.81 388480 1.23 1.611539e-08 5.726392e-10 3.284003e-11 403
8478.21 388368 1.24 1.610899e-08 5.696425e-10 3.228200e-11 400
8480.78 388248 1.24 1.610963e-08 5.668089e-10 3.235609e-11 396
8483.19 388136 1.25 1.610642e-08 5.652847e-10 3.260634e-11 433
8485.76 388016 1.26 1.610072e-08 5.638680e-10 3.253228e-11 400
8488.17 387904 1.27 1.609014e-08 5.639482e-10 3.164017e-11 396
8490.74 387784 1.28 1.609404e-08 5.650674e-10 3.022409e-11 418
8493.32 387664 1.29 1.609594e-08 5.677396e-10 2.867334e-11 423
8495.90 387544 1.30 1.610092e-08 5.713601e-10 2.741732e-11 454
8498.49 387424 1.31 1.609994e-08 5.744918e-10 2.727173e-11 439
8501.07 387304 1.32 1.609974e-08 5.781482e-10 2.710737e-11 443
8503.83 387176 1.33 1.609734e-08 5.816822e-10 2.703644e-11 455
8506.42 387056 1.34 1.609813e-08 5.837197e-10 2.759968e-11 472
8509.18 386928 1.35 1.609568e-08 5.867579e-10 2.845819e-11 471
8511.77 386808 1.36 1.609488e-08 5.892994e-10 2.953235e-11 509
8514.54 386680 1.37 1.609297e-08 5.925456e-10 3.134075e-11 483
8517.31 386552 1.38 1.608856e-08 5.949243e-10 3.407015e-11 481
8520.08 386424 1.39 1.607894e-08 5.974237e-10 3.732032e-11 463
8522.85 386296 1.40 1.607403e-08 6.008133e-10 4.046192e-11 494
8525.62 386168 1.41 1.606698e-08 6.036049e-10 4.290024e-11 490
8528.57 386032 1.42 1.606308e-08 6.070754e-10 4.376118e-11 465
8531.35 385904 1.43 1.605896e-08 6.103086e-10 4.287120e-11 488
8534.30 385768 1.44 1.604916e-08 6.133429e-10 4.130975e-11 506
8537.08 385640 1.45 1.604543e-08 6.172634e-10 3.974215e-11 528
8540.04 385504 1.46 1.604300e-08 6.206869e-10 3.831746e-11 564
8542.99 385368 1.47 1.603498e-08 6.239924e-10 3.747600e-11 546
8545.96 385232 1.48 1.603379e-08 6.267772e-10 3.670328e-11 574
8548.92 385096 1.49 1.602819e-08 6.298675e-10 3.696450e-11 556
8551.88 384960 1.51 1.602192e-08 6.323231e-10 3.694492e-11 618
8555.03 384816 1.52 1.601457e-08 6.339047e-10 3.763045e-11 599
8557.99 384680 1.53 1.600242e-08 6.351496e-10 3.812229e-11 539
8560.97 384544 1.54 1.597683e-08 6.356169e-10 3.911159e-11 617
8564.12 384400 1.55 1.585633e-08 6.313621e-10 3.961875e-11 591
8567.27 384256 1.56 1.447077e-08 5.697396e-10 3.748698e-11 550
8570.42 384112 1.57 1.520182e-08 6.115842e-10 3.736677e-11 552
8573.40 383976 1.58 1.596394e-08 6.404591e-10 3.812395e-11 618
8576.56 383832 1.60 1.598673e-08 6.426193e-10 3.682696e-11 653
8579.90 383680 1.61 1.598199e-08 6.446237e-10 3.593438e-11 617
8583.06 383536 1.62 1.598201e-08 6.463967e-10 3.566586e-11 692
8586.22 383392 1.63 1.597358e-08 6.479215e-10 3.532625e-11 643
8589.57 383240 1.64 1.596198e-08 6.499563e-10 3.566688e-11 661
8592.74 383096 1.65 1.595722e-08 6.520081e-10 3.637543e-11 702
8596.09 382944 1.67 1.594557e-08 6.533757e-10 3.827697e-11 730
8599.44 382792 1.68 1.592864e-08 6.549489e-10 4.035565e-11 694
8602.62 382648 1.69 1.591317e-08 6.560961e-10 4.215758e-11 703
8605.97 382496 1.70 1.589295e-08 6.572394e-10 4.396904e-11 690
8609.33 382344 1.72 1.587066e-08 6.577725e-10 4.514679e-11 650
8612.87 382184 1.73 1.582763e-08 6.584600e-10 4.612499e-11 691
8616.24 382032 1.74 1.575868e-08 6.572259e-10 4.591465e-11 678
8619.61 381880 1.75 1.544950e-08 6.463996e-10 4.508654e-11 696
8623.16 381720 1.77 1.291300e-08 5.418277e-10 3.922159e-11 565
8626.53 381568 1.78 1.608293e-08 6.806118e-10 4.738101e-11 745
8630.08 381408 1.79 1.602171e-08 6.821924e-10 4.764755e-11 786
8633.64 381248 1.80 1.598406e-08 6.855859e-10 4.794196e-11 799
8637.02 381096 1.82 1.596657e-08 6.892792e-10 4.788249e-11 760
8640.58 380936 1.83 1.595458e-08 6.932463e-10 4.759961e-11 784
8644.15 380776 1.84 1.594683e-08 6.976926e-10 4.739064e-11 793
8647.90 380608 1.86 1.594054e-08 7.014696e-10 4.745595e-11 879
8651.47 380448 1.87 1.593105e-08 7.059315e-10 4.741928e-11 833
8655.05 380288 1.88 1.592612e-08 7.089571e-10 4.747842e-11 855
8658.80 380120 1.90 1.591661e-08 7.118499e-10 4.753263e-11 833
8662.38 379960 1.91 1.589448e-08 7.145201e-10 4.742964e-11 859
8666.15 379792 1.92 1.587132e-08 7.167725e-10 4.715421e-11 938
8669.92 379624 1.94 1.582107e-08 7.179307e-10 4.680355e-11 861
8673.51 379464 1.95 1.535399e-08 7.018232e-10 4.518293e-11 955
8677.28 379296 1.96 1.446229e-08 6.473150e-10 4.439772e-11 881
8681.06 379128 1.98 1.580567e-08 7.259991e-10 4.855612e-11 916
8684.84 378960 1.99 1.589667e-08 7.321022e-10 4.992554e-11 960
8688.80 378784 2.01 1.590245e-08 7.349065e-10 5.130692e-11 1007
8692.59 378616 2.02 1.590075e-08 7.375883e-10 5.246677e-11 1024
8696.38 378448 2.03 1.589039e-08 7.389530e-10 5.358923e-11 983
8700.36 378272 2.05 1.587926e-08 7.409821e-10 5.397644e-11 968
8704.15 378104 2.06 1.587530e-08 7.432571e-10 5.390180e-11 1001
8708.14 377928 2.08 1.587695e-08 7.460191e-10 5.449655e-11 1026
8712.12 377752 2.09 1.587421e-08 7.485206e-10 5.557720e-11 1083
8716.11 377576 2.11 1.587062e-08 7.512890e-10 5.675125e-11 1062
8720.11 377400 2.12 1.586091e-08 7.537328e-10 5.823209e-11 1044
8724.10 377224 2.14 1.585864e-08 7.575408e-10 5.898266e-11 1102
8728.10 377048 2.15 1.585288e-08 7.606029e-10 5.931088e-11 1139
8732.11 376872 2.17 1.584374e-08 7.640201e-10 5.977124e-11 1127
8736.30 376688 2.18 1.583505e-08 7.675168e-10 6.023496e-11 1113
8740.31 376512 2.20 1.582478e-08 7.710760e-10 6.055590e-11 1204
8744.51 376328 2.21 1.582273e-08 7.751900e-10 6.091740e-11 1160
8748.53 376152 2.23 1.582085e-08 7.792554e-10 6.107749e-11 1224
8752.74 375968 2.24 1.582215e-08 7.828821e-10 6.119597e-11 1267
8756.95 375784 2.26 1.581482e-08 7.861039e-10 6.142209e-11 1303
8761.17 375600 2.27 1.581111e-08 7.899658e-10 6.145811e-11 1312
8765.39 375416 2.29 1.580962e-08 7.931424e-10 6.158941e-11 1235
8769.61 375232 2.30 1.580289e-08 7.962641e-10 6.179427e-11 1330
8773.84 375048 2.32 1.579776e-08 8.004801e-10 6.209963e-11 1315
8778.07 374864 2.33 1.579610e-08 8.039707e-10 6.238315e-11 1373
8782.31 374680 2.35 1.578805e-08 8.076314e-10 6.304385e-11 1332
8786.73 374488 2.37 1.577705e-08 8.111120e-10 6.376275e-11 1407
8790.98 374304 2.38 1.576531e-08 8.140816e-10 6.502016e-11 1349
8795.41 374112 2.40 1.575126e-08 8.178416e-10 6.634936e-11 1461
8799.85 373920 2.41 1.573229e-08 8.204800e-10 6.774884e-11 1413
8804.11 373736 2.43 1.573940e-08 8.245926e-10 6.881165e-11 1365
8808.55 373544 2.45 1.573832e-08 8.293500e-10 6.967910e-11 1404
8813.01 373352 2.46 1.573842e-08 8.337376e-10 7.044079e-11 1398
8817.46 373160 2.48 1.572654e-08 8.373430e-10 7.106114e-11 1399
8821.92 372968 2.49 1.569479e-08 8.398560e-10 7.149001e-11 1528
8826.58 372768 2.51 1.565859e-08 8.419080e-10 7.203373e-11 1396
8831.05 372576 2.53 1.567687e-08 8.465974e-10 7.330046e-11 1517
8835.52 372384 2.54 1.568257e-08 8.508429e-10 7.473196e-11 1554
8840.19 372184 2.56 1.568308e-08 8.541433e-10 7.559184e-11 1621
8844.68 371992 2.58 1.568404e-08 8.580869e-10 7.675661e-11 1636
8849.35 371792 2.59 1.568263e-08 8.620712e-10 7.750846e-11 1581
8854.03 371592 2.61 1.567667e-08 8.661079e-10 7.853686e-11 1613
8858.53 371400 2.63 1.566990e-08 8.701989e-10 7.949696e-11 1731
8863.23 371200 2.65 1.566449e-08 8.732647e-10 8.023841e-11 1601
8867.92 371000 2.66 1.565723e-08 8.763120e-10 8.083127e-11 1602
8872.63 370800 2.68 1.564567e-08 8.796314e-10 8.113911e-11 1646
8877.33 370600 2.70 1.563595e-08 8.828369e-10 8.124504e-11 1766
8882.23 370392 2.72 1.562455e-08 8.861971e-10 8.163234e-11 1781
8886.95 370192 2.73 1.561660e-08 8.901503e-10 8.178508e-11 1774
8891.68 369992 2.75 1.560059e-08 8.930282e-10 8.195691e-11 1697
8896.59 369784 2.77 1.558464e-08 8.965587e-10 8.228180e-11 1832
8901.33 369584 2.79 1.559157e-08 9.017238e-10 8.291960e-11 1864
8906.25 369376 2.80 1.558292e-08 9.050935e-10 8.395613e-11 1905
8911.19 369168 2.82 1.556657e-08 9.085399e-10 8.527170e-11 1930
8915.94 368968 2.84 1.554262e-08 9.112902e-10 8.685318e-11 1897
8920.88 368760 2.86 1.544299e-08 9.106189e-10 8.777134e-11 1972
8925.83 368552 2.87 1.554111e-08 9.210269e-10 8.978797e-11 2001
8930.79 368344 2.89 1.541030e-08 9.179975e-10 9.004122e-11 1955
8935.75 368136 2.91 1.554600e-08 9.309735e-10 9.217727e-11 2038
8940.91 367920 2.93 1.553101e-08 9.346642e-10 9.308957e-11 2071
8945.88 367712 2.95 1.552394e-08 9.386553e-10 9.417914e-11 2041
8950.86 367504 2.97 1.547563e-08 9.407792e-10 9.460654e-11 2106
8956.04 367288 2.99 1.551892e-08 9.480977e-10 9.630153e-11 2168
8961.03 367080 3.00 1.551046e-08 9.518702e-10 9.722603e-11 2256
8966.22 366864 3.02 1.550417e-08 9.567135e-10 9.844640e-11 2182
8971.22 366656 3.04 1.549275e-08 9.617035e-10 9.968623e-11 2216
8976.42 366440 3.06 1.548540e-08 9.669999e-10 1.011175e-10 2335
8981.63 366224 3.08 1.546374e-08 9.716583e-10 1.021130e-10 2360
8986.84 366008 3.10 1.543859e-08 9.974797e-10 1.030879e-10 2320
8992.06 365792 3.12 1.538268e-08 1.024904e-09 1.035649e-10 2331
8997.29 365576 3.14 1.536354e-08 1.048981e-09 1.043790e-10 2394
9002.52 365360 3.16 1.532074e-08 1.073151e-09 1.050028e-10 2405
9007.76 365144 3.17 1.528825e-08 1.072451e-09 1.057762e-10 2393
9013.00 364928 3.19 1.529867e-08 1.077641e-09 1.068323e-10 2459
9018.25 364712 3.21 1.528945e-08 1.079229e-09 1.076410e-10 2365
9023.70 364488 3.23 1.528868e-08 1.084741e-09 1.087714e-10 2534
9028.97 364272 3.25 1.530749e-08 1.091506e-09 1.097462e-10 2630
9034.43 364048 3.27 1.529712e-08 1.096989e-09 1.108067e-10 2593
9039.71 363832 3.29 1.528230e-08 1.099182e-09 1.120137e-10 2644
9045.19 363608 3.31 1.525166e-08 1.100881e-09 1.132109e-10 2570
9050.67 363384 3.33 1.523742e-08 1.107317e-09 1.144573e-10 2687
9056.17 363160 3.35 1.523296e-08 1.113316e-09 1.158437e-10 2762
9061.47 362944 3.37 1.511616e-08 1.111615e-09 1.164913e-10 2755
9066.97 362720 3.39 1.521596e-08 1.124172e-09 1.187999e-10 2799
9072.49 362496 3.41 1.520402e-08 1.129314e-09 1.200237e-10 2865
9078.20 362264 3.43 1.519684e-08 1.135434e-09 1.216773e-10 2788
9083.73 362040 3.45 1.519197e-08 1.141567e-09 1.232071e-10 2850
9089.26 361816 3.47 1.518080e-08 1.144510e-09 1.248390e-10 2906
9094.80 361592 3.49 1.517562e-08 1.147896e-09 1.264275e-10 3059
9100.55 361360 3.51 1.505592e-08 1.142817e-09 1.272009e-10 3013
9106.10 361136 3.54 1.515348e-08 1.154674e-09 1.290713e-10 3044
9111.86 360904 3.56 1.514198e-08 1.159469e-09 1.305782e-10 3099
9117.43 360680 3.58 1.513149e-08 1.166101e-09 1.323592e-10 3233
9123.20 360448 3.60 1.511518e-08 1.172153e-09 1.341796e-10 3192
9128.79 360224 3.62 1.511248e-08 1.178396e-09 1.357477e-10 3322
9134.58 359992 3.64 1.510708e-08 1.184918e-09 1.372228e-10 3226
9140.37 359760 3.66 1.509007e-08 1.190755e-09 1.388124e-10 3414
9146.18 359528 3.68 1.508106e-08 1.195679e-09 1.403937e-10 3354
9151.99 359296 3.70 1.505839e-08 1.198953e-09 1.413582e-10 3421
9157.81 359064 3.72 1.483766e-08 1.183440e-09 1.410740e-10 3410
9163.64 358832 3.75 1.507286e-08 1.208590e-09 1.447625e-10 3558
9169.47 358600 3.77 1.505343e-08 1.212892e-09 1.462634e-10 3609
9175.52 358360 3.79 1.502507e-08 1.217310e-09 1.477547e-10 3678
9181.37 358128 3.81 1.461126e-08 1.188731e-09 1.445693e-10 3648
9187.22 357896 3.83 1.504677e-08 1.232639e-09 1.514929e-10 3606
9193.29 357656 3.85 1.502734e-08 1.236410e-09 1.530777e-10 3784
9199.17 357424 3.88 1.500960e-08 1.240703e-09 1.545067e-10 3766
9205.25 357184 3.90 1.499153e-08 1.245746e-09 1.564037e-10 3781
9211.14 356952 3.92 1.498084e-08 1.251538e-09 1.582535e-10 3939
9217.24 356712 3.94 1.497181e-08 1.257603e-09 1.600731e-10 4044
9223.35 356472 3.96 1.495791e-08 1.262644e-09 1.618657e-10 3978
9229.26 356240 3.99 1.495149e-08 1.267104e-09 1.635792e-10 3986
