9359.03 351224 1.00 5.269914e-09 6.006364e-10 7.801474e-10 831
9369.12 350840 1.00 5.270315e-09 6.002007e-10 7.800363e-10 857
9379.02 350464 1.00 5.267244e-09 6.018800e-10 7.845571e-10 872
9389.15 350080 1.00 5.255701e-09 6.027933e-10 7.908736e-10 948
9399.09 349704 1.00 5.258045e-09 6.076442e-10 8.019500e-10 913
9409.06 349328 1.00 5.256067e-09 6.115182e-10 8.114470e-10 882
9419.04 348952 1.00 5.250916e-09 6.147688e-10 8.221820e-10 960
9429.05 348576 1.00 5.248381e-09 6.179324e-10 8.317389e-10 889
9439.08 348200 1.00 5.243690e-09 6.215324e-10 8.417819e-10 942
9449.13 347824 1.00 5.221291e-09 6.230489e-10 8.489829e-10 959
9458.99 347456 1.00 5.232139e-09 6.282175e-10 8.615689e-10 949
9469.09 347080 1.00 5.228819e-09 6.323646e-10 8.724318e-10 1039
9478.99 346712 1.00 5.224493e-09 6.342701e-10 8.809899e-10 951
9489.13 346336 1.00 5.219985e-09 6.383985e-10 8.910670e-10 1008
9499.08 345968 1.00 5.212822e-09 6.415252e-10 9.023149e-10 1014
9509.04 345600 1.00 5.205549e-09 6.441885e-10 9.121742e-10 1016
9519.03 345232 1.00 5.195086e-09 6.474069e-10 9.212153e-10 1023
9529.04 344864 1.00 5.208274e-09 6.528274e-10 9.339352e-10 1043
9539.07 344496 1.00 5.194158e-09 6.548816e-10 9.425859e-10 1090
9549.12 344128 1.00 5.186600e-09 6.577842e-10 9.536806e-10 1087
9559.20 343760 1.00 5.167072e-09 6.594208e-10 9.611554e-10 1159
9569.07 343400 1.00 4.402768e-09 5.625128e-10 8.234854e-10 1044
9579.19 343032 1.00 5.182911e-09 6.686353e-10 9.858093e-10 1189
9589.11 342672 1.00 5.179747e-09 6.725276e-10 9.958142e-10 1235
9599.05 342312 1.00 5.174365e-09 6.748325e-10 1.004011e-09 1260
9609.01 341952 1.00 5.168605e-09 6.773952e-10 1.013113e-09 1391
9618.99 341592 1.00 5.162270e-09 6.794580e-10 1.019951e-09 1465
9628.99 341232 1.00 5.162313e-09 6.817051e-10 1.022433e-09 1580
9630.10 341192 1.00 5.161964e-09 6.815187e-10 1.022514e-09 1750
9630.55 341176 1.00 5.161105e-09 6.817176e-10 1.022357e-09 1730
9630.99 341160 1.00 5.162598e-09 6.807754e-10 1.021477e-09 1695
9631.44 341144 1.00 5.161265e-09 6.814868e-10 1.021385e-09 1727
9631.88 341128 1.00 5.161268e-09 6.812592e-10 1.022419e-09 1727
9632.33 341112 1.00 5.160964e-09 6.812144e-10 1.021671e-09 1743
9632.77 341096 1.00 5.161589e-09 6.815455e-10 1.021719e-09 1760
9633.22 341080 1.00 5.160830e-09 6.814951e-10 1.020642e-09 1761
9633.67 341064 1.00 5.161091e-09 6.817499e-10 1.020436e-09 1834
9634.11 341048 1.00 5.160862e-09 6.816420e-10 1.020405e-09 1877
9634.56 341032 1.00 5.160423e-09 6.811635e-10 1.020214e-09 1926
9635.00 341016 1.00 5.161249e-09 6.819883e-10 1.019704e-09 1946
9635.45 341000 1.00 5.159952e-09 6.815470e-10 1.019710e-09 1880
9635.89 340984 1.00 5.158371e-09 6.814199e-10 1.019481e-09 1871
9636.34 340968 1.00 5.161478e-09 6.807929e-10 1.018031e-09 2003
9636.78 340952 1.00 5.161013e-09 6.810618e-10 1.017242e-09 1986
9637.23 340936 1.00 5.159680e-09 6.807722e-10 1.017250e-09 2007
9637.68 340920 1.00 5.161675e-09 6.814495e-10 1.016773e-09 1892
9638.12 340904 1.00 5.160978e-09 6.806546e-10 1.016458e-09 2038
9638.57 340888 1.00 5.160321e-09 6.808782e-10 1.015030e-09 2015
9639.01 340872 1.00 5.161258e-09 6.801862e-10 1.014775e-09 2031
9639.46 340856 1.00 5.156984e-09 6.800259e-10 1.014037e-09 2094
9639.91 340840 1.00 5.159844e-09 6.795534e-10 1.012973e-09 2149
9640.35 340824 1.00 5.158151e-09 6.791875e-10 1.012318e-09 2163
9640.80 340808 1.00 5.156441e-09 6.791563e-10 1.011619e-09 2108
9641.24 340792 1.00 5.156819e-09 6.791203e-10 1.009543e-09 2181
9641.69 340776 1.00 5.157770e-09 6.785958e-10 1.008843e-09 2275
9642.14 340760 1.00 5.155846e-09 6.779382e-10 1.007232e-09 2360
9642.58 340744 1.00 5.155979e-09 6.778630e-10 1.006307e-09 2303
9643.03 340728 1.00 5.155134e-09 6.772044e-10 1.004080e-09 2424
9643.48 340712 1.00 5.154492e-09 6.770490e-10 1.002518e-09 2390
9643.92 340696 1.00 5.154591e-09 6.766428e-10 9.997958e-10 2536
9644.37 340680 1.00 5.156167e-09 6.764145e-10 9.992395e-10 2545
9644.82 340664 1.00 5.153404e-09 6.755388e-10 9.960099e-10 2563
9645.26 340648 1.00 5.153506e-09 6.753972e-10 9.945025e-10 2601
9645.71 340632 1.00 5.154615e-09 6.748997e-10 9.911580e-10 2705
9646.16 340616 1.00 5.153236e-09 6.736279e-10 9.882348e-10 2685
9646.60 340600 1.00 5.153847e-09 6.733117e-10 9.851551e-10 2863
9647.05 340584 1.00 5.152325e-09 6.719070e-10 9.805271e-10 2825
9647.50 340568 1.00 5.151710e-09 6.708745e-10 9.781075e-10 2902
9647.94 340552 1.00 5.152464e-09 6.701225e-10 9.728659e-10 3023
9648.39 340536 1.00 5.151143e-09 6.690611e-10 9.690342e-10 3171
9648.84 340520 1.00 5.150511e-09 6.677692e-10 9.638832e-10 3352
9649.28 340504 1.00 5.150235e-09 6.672090e-10 9.599619e-10 3342
9649.73 340488 1.00 5.148644e-09 6.653107e-10 9.519645e-10 3535
9650.18 340472 1.00 5.149749e-09 6.637880e-10 9.466261e-10 3727
9650.62 340456 1.00 5.148654e-09 6.621406e-10 9.376544e-10 3898
9651.07 340440 1.00 5.148521e-09 6.605867e-10 9.295072e-10 4031
9651.52 340424 1.00 5.148951e-09 6.581661e-10 9.194320e-10 4333
9651.97 340408 1.00 5.147959e-09 6.562770e-10 9.112378e-10 4525
9652.41 340392 1.00 5.147953e-09 6.536500e-10 8.971395e-10 4710
9652.86 340376 1.00 5.147600e-09 6.520705e-10 8.903743e-10 4933
9653.31 340360 1.00 5.148055e-09 6.477200e-10 8.707439e-10 5314
9653.75 340344 1.00 5.147695e-09 6.451589e-10 8.542784e-10 5620
9654.20 340328 1.00 5.145222e-09 6.398307e-10 8.299665e-10 6303
9654.65 340312 1.00 5.146159e-09 6.372141e-10 8.095795e-10 6919
9655.10 340296 1.00 5.144168e-09 6.321687e-10 7.812689e-10 7536
9655.54 340280 1.00 5.142855e-09 6.256148e-10 7.419774e-10 8595
9655.99 340264 1.00 5.143920e-09 6.189698e-10 6.926605e-10 9923
9656.44 340248 1.00 5.142208e-09 6.083827e-10 6.213017e-10 11811
9656.89 340232 1.00 5.141719e-09 5.974204e-10 5.534253e-10 14113
9657.34 340216 1.00 5.140606e-09 5.791580e-10 4.640620e-10 16871
9657.78 340200 1.00 5.139262e-09 5.615464e-10 3.975729e-10 18375
9658.23 340184 1.00 5.140153e-09 5.351158e-10 3.339463e-10 19543
9658.68 340168 1.00 5.139619e-09 5.105482e-10 2.940074e-10 20143
9659.13 340152 1.00 5.138138e-09 4.754099e-10 2.536785e-10 19673
9659.57 340136 1.00 5.137628e-09 4.376075e-10 2.207646e-10 19038
9660.02 340120 1.00 5.134885e-09 3.908261e-10 1.874050e-10 17562
9660.47 340104 1.00 5.134724e-09 3.495124e-10 1.616991e-10 16219
9660.92 340088 1.00 5.130969e-09 3.139386e-10 1.414919e-10 15106
9661.37 340072 1.00 5.126544e-09 2.913523e-10 1.293407e-10 14330
9661.81 340056 1.00 5.124922e-09 2.623405e-10 1.146129e-10 13006
9662.26 340040 1.00 5.120150e-09 2.430923e-10 1.049716e-10 12234
9662.71 340024 1.00 5.112068e-09 2.260397e-10 9.611804e-11 11677
9663.16 340008 1.00 5.099885e-09 2.170780e-10 9.035274e-11 11160
9663.61 339992 1.00 5.070429e-09 2.129799e-10 8.691248e-11 11163
9664.06 339976 1.00 5.027538e-09 2.112793e-10 8.418815e-11 11070
9664.50 339960 1.00 5.000888e-09 2.112808e-10 8.227519e-11 11277
9664.95 339944 1.00 5.000019e-09 2.126165e-10 8.062769e-11 11607
9665.40 339928 1.00 5.027492e-09 2.155216e-10 7.991470e-11 11681
9665.85 339912 1.00 5.072754e-09 2.201519e-10 8.015430e-11 11783
9666.30 339896 1.00 5.101371e-09 2.245013e-10 7.998392e-11 12331
9666.75 339880 1.00 5.112486e-09 2.280609e-10 8.022465e-11 12573
9667.20 339864 1.00 5.113163e-09 2.312106e-10 8.018833e-11 12975
9667.64 339848 1.00 5.111850e-09 2.347044e-10 8.097367e-11 13205
9668.09 339832 1.00 5.110927e-09 2.376943e-10 8.183995e-11 13494
9668.54 339816 1.00 5.109333e-09 2.412901e-10 8.336262e-11 13468
9668.99 339800 1.00 5.108721e-09 2.440839e-10 8.528936e-11 13704
9669.44 339784 1.00 5.110634e-09 2.477205e-10 8.847340e-11 13448
9669.89 339768 1.00 5.111157e-09 2.488943e-10 9.064946e-11 13632
9670.34 339752 1.00 5.109369e-09 2.499558e-10 9.374761e-11 13350
9670.79 339736 1.00 5.111373e-09 2.505872e-10 9.601836e-11 13171
9671.23 339720 1.00 5.112976e-09 2.505874e-10 9.833780e-11 12999
9671.68 339704 1.00 5.111288e-09 2.500988e-10 9.974530e-11 12922
9672.13 339688 1.00 5.112375e-09 2.501357e-10 1.008452e-10 13036
9672.58 339672 1.00 5.111631e-09 2.495610e-10 1.021187e-10 12916
9673.03 339656 1.00 5.111155e-09 2.496259e-10 1.030947e-10 12929
9673.48 339640 1.00 5.110633e-09 2.496140e-10 1.040794e-10 12640
9673.93 339624 1.00 5.111572e-09 2.501148e-10 1.045229e-10 12798
9674.38 339608 1.00 5.110865e-09 2.508350e-10 1.051034e-10 12900
9674.83 339592 1.00 5.109863e-09 2.519057e-10 1.054870e-10 12936
9675.28 339576 1.00 5.109780e-09 2.522872e-10 1.059752e-10 12915
9675.73 339560 1.00 5.108922e-09 2.534173e-10 1.062196e-10 12833
9676.18 339544 1.00 5.108807e-09 2.545466e-10 1.066211e-10 13144
9676.63 339528 1.00 5.108876e-09 2.554895e-10 1.068413e-10 12860
9677.08 339512 1.00 5.108225e-09 2.557656e-10 1.073034e-10 12833
9677.53 339496 1.00 5.106892e-09 2.566546e-10 1.078021e-10 13059
9677.98 339480 1.00 5.109439e-09 2.570467e-10 1.083799e-10 13203
9678.43 339464 1.00 5.107904e-09 2.575526e-10 1.087166e-10 13155
9678.87 339448 1.00 5.107109e-09 2.573081e-10 1.094113e-10 12843
9679.32 339432 1.00 5.106037e-09 2.580204e-10 1.098104e-10 12900
9679.77 339416 1.00 5.105160e-09 2.577145e-10 1.106751e-10 12892
9680.22 339400 1.00 5.104219e-09 2.576924e-10 1.108240e-10 13105
9680.67 339384 1.00 5.100829e-09 2.573668e-10 1.113873e-10 13040
9681.12 339368 1.00 5.100017e-09 2.576529e-10 1.112955e-10 12924
9681.57 339352 1.00 5.098991e-09 2.575539e-10 1.119731e-10 12984
9682.02 339336 1.00 5.098928e-09 2.577401e-10 1.119542e-10 12962
9682.47 339320 1.00 5.098433e-09 2.579277e-10 1.121940e-10 12864
9682.92 339304 1.00 5.097132e-09 2.587907e-10 1.128334e-10 13024
9683.37 339288 1.00 5.097611e-09 2.596766e-10 1.131344e-10 12888
9683.82 339272 1.00 5.097939e-09 2.602115e-10 1.133735e-10 13159
9684.28 339256 1.00 5.095889e-09 2.614761e-10 1.141836e-10 13002
9684.73 339240 1.00 5.096587e-09 2.621904e-10 1.141727e-10 13289
9685.18 339224 1.00 5.095859e-09 2.638966e-10 1.145474e-10 13126
9685.63 339208 1.00 5.094997e-09 2.646950e-10 1.151395e-10 13466
9686.08 339192 1.00 5.094662e-09 2.656981e-10 1.149526e-10 13565
9686.53 339176 1.00 5.093322e-09 2.668199e-10 1.151681e-10 13558
9686.98 339160 1.00 5.092494e-09 2.678961e-10 1.151896e-10 13388
9687.43 339144 1.00 5.092473e-09 2.686323e-10 1.150578e-10 13708
9687.88 339128 1.00 5.092273e-09 2.697427e-10 1.150148e-10 13605
9688.33 339112 1.00 5.091163e-09 2.706566e-10 1.151896e-10 13638
9688.78 339096 1.00 5.091462e-09 2.717187e-10 1.152470e-10 13476
9689.23 339080 1.00 5.091130e-09 2.720908e-10 1.148432e-10 13827
9689.68 339064 1.00 5.090729e-09 2.726837e-10 1.145689e-10 13791
9690.13 339048 1.00 5.090614e-09 2.737349e-10 1.145987e-10 14168
9690.58 339032 1.00 5.090068e-09 2.736814e-10 1.140579e-10 14137
9691.03 339016 1.00 5.089828e-09 2.742357e-10 1.141143e-10 14080
9691.48 339000 1.00 5.090500e-09 2.743870e-10 1.138048e-10 14150
9691.94 338984 1.00 5.090444e-09 2.743944e-10 1.136863e-10 14146
9692.39 338968 1.00 5.088522e-09 2.745407e-10 1.135026e-10 14313
9692.84 338952 1.00 5.086880e-09 2.742863e-10 1.131936e-10 14136
9693.29 338936 1.00 5.086495e-09 2.741364e-10 1.130122e-10 14137
9693.74 338920 1.00 5.086602e-09 2.745605e-10 1.124175e-10 14391
9694.19 338904 1.00 5.084347e-09 2.743067e-10 1.124028e-10 14163
9694.64 338888 1.00 5.083018e-09 2.740915e-10 1.124522e-10 14337
9695.09 338872 1.00 5.077219e-09 2.737076e-10 1.126100e-10 14423
9695.55 338856 1.00 5.069005e-09 2.735079e-10 1.122337e-10 14409
9696.00 338840 1.00 5.061981e-09 2.732924e-10 1.121543e-10 14121
9696.45 338824 1.00 5.062130e-09 2.724134e-10 1.120163e-10 14374
9696.90 338808 1.00 5.063479e-09 2.723310e-10 1.121557e-10 14216
9697.35 338792 1.00 5.073841e-09 2.723308e-10 1.122252e-10 14064
9697.80 338776 1.00 5.075759e-09 2.724660e-10 1.120471e-10 14163
9698.25 338760 1.00 5.083181e-09 2.727937e-10 1.123162e-10 14273
9698.71 338744 1.00 5.083164e-09 2.733234e-10 1.127645e-10 14384
9699.16 338728 1.00 5.083588e-09 2.728150e-10 1.130091e-10 14219
9699.61 338712 1.00 5.084170e-09 2.729469e-10 1.132299e-10 14160
9700.06 338696 1.00 5.081883e-09 2.729593e-10 1.132487e-10 14209
9700.51 338680 1.00 5.080550e-09 2.728929e-10 1.134234e-10 13868
9700.96 338664 1.00 5.079519e-09 2.723351e-10 1.135919e-10 14149
9701.42 338648 1.00 5.078889e-09 2.722994e-10 1.136762e-10 13923
9701.87 338632 1.00 5.079426e-09 2.723232e-10 1.139643e-10 13856
9702.32 338616 1.00 5.083109e-09 2.716784e-10 1.135626e-10 14129
9702.77 338600 1.00 5.084341e-09 2.721879e-10 1.140353e-10 14105
9703.22 338584 1.00 5.083047e-09 2.716282e-10 1.139422e-10 13948
9703.68 338568 1.00 5.081341e-09 2.714452e-10 1.138515e-10 13931
9704.13 338552 1.00 5.081390e-09 2.710523e-10 1.139208e-10 14077
9704.58 338536 1.00 5.080190e-09 2.709219e-10 1.137856e-10 14085
9705.03 338520 1.00 5.078062e-09 2.707353e-10 1.140353e-10 14090
9705.49 338504 1.00 5.079961e-09 2.700485e-10 1.138373e-10 13847
9705.94 338488 1.00 5.077774e-09 2.700309e-10 1.134391e-10 13864
9706.39 338472 1.00 5.077261e-09 2.692982e-10 1.133746e-10 14048
9706.84 338456 1.00 5.076701e-09 2.695866e-10 1.131094e-10 14020
9707.29 338440 1.00 5.076007e-09 2.691851e-10 1.130819e-10 14016
9707.75 338424 1.00 5.075016e-09 2.688541e-10 1.128275e-10 13959
9708.20 338408 1.00 5.074914e-09 2.681058e-10 1.126758e-10 14015
9708.65 338392 1.00 5.076066e-09 2.678467e-10 1.120595e-10 13839
9709.11 338376 1.00 5.073664e-09 2.681313e-10 1.121862e-10 13823
9709.56 338360 1.00 5.074855e-09 2.673511e-10 1.116475e-10 13870
9710.01 338344 1.00 5.073939e-09 2.670121e-10 1.111633e-10 13828
9710.46 338328 1.00 5.072291e-09 2.666022e-10 1.106131e-10 14017
9710.92 338312 1.00 5.073496e-09 2.660549e-10 1.100966e-10 13908
9711.37 338296 1.00 5.073039e-09 2.653297e-10 1.102473e-10 14068
9711.82 338280 1.00 5.072371e-09 2.649309e-10 1.095821e-10 13856
9712.27 338264 1.00 5.071490e-09 2.645511e-10 1.091772e-10 14061
9712.73 338248 1.00 5.071238e-09 2.636386e-10 1.088123e-10 14005
9713.18 338232 1.00 5.070816e-09 2.637004e-10 1.085546e-10 13990
9713.63 338216 1.00 5.065057e-09 2.627622e-10 1.080570e-10 13680
9714.09 338200 1.00 5.064078e-09 2.625073e-10 1.077752e-10 13687
9714.54 338184 1.00 5.063879e-09 2.617257e-10 1.075015e-10 13742
9714.99 338168 1.00 5.061963e-09 2.613602e-10 1.076197e-10 13589
9715.45 338152 1.00 5.061364e-09 2.607885e-10 1.072301e-10 13883
9715.90 338136 1.00 5.060736e-09 2.600267e-10 1.073535e-10 13777
9716.35 338120 1.00 5.063532e-09 2.595853e-10 1.072614e-10 13481
9716.81 338104 1.00 5.061303e-09 2.594663e-10 1.073280e-10 13448
9717.26 338088 1.00 5.060756e-09 2.587524e-10 1.074143e-10 13576
9717.71 338072 1.00 5.059660e-09 2.580705e-10 1.071930e-10 13581
9718.17 338056 1.00 5.060921e-09 2.575437e-10 1.074595e-10 13573
9718.62 338040 1.00 5.059132e-09 2.576348e-10 1.071689e-10 13365
9719.07 338024 1.00 5.059465e-09 2.573212e-10 1.071941e-10 13400
9719.53 338008 1.00 5.056556e-09 2.566218e-10 1.070881e-10 13371
9719.98 337992 1.00 5.055111e-09 2.561253e-10 1.071158e-10 13535
9720.43 337976 1.00 5.053669e-09 2.556228e-10 1.070957e-10 13468
9720.89 337960 1.00 5.052004e-09 2.558033e-10 1.069570e-10 13463
9721.34 337944 1.00 5.049858e-09 2.553543e-10 1.070023e-10 13350
9721.80 337928 1.00 5.038004e-09 2.544245e-10 1.068630e-10 13324
9722.25 337912 1.00 5.025922e-09 2.539016e-10 1.065203e-10 13255
9722.70 337896 1.00 5.010044e-09 2.531705e-10 1.061250e-10 13497
9723.16 337880 1.00 5.008924e-09 2.527210e-10 1.059960e-10 13375
9723.61 337864 1.00 5.015048e-09 2.525402e-10 1.061664e-10 13403
9724.07 337848 1.00 5.038218e-09 2.538786e-10 1.063826e-10 13339
9724.52 337832 1.00 5.050706e-09 2.543841e-10 1.067930e-10 13427
9724.97 337816 1.00 5.058920e-09 2.550704e-10 1.069823e-10 13302
9725.43 337800 1.00 5.058563e-09 2.549581e-10 1.070459e-10 13518
9725.88 337784 1.00 5.057827e-09 2.547558e-10 1.068535e-10 13527
9726.34 337768 1.00 5.058194e-09 2.544379e-10 1.067878e-10 13373
9726.79 337752 1.00 5.058442e-09 2.546085e-10 1.066976e-10 13639
9727.25 337736 1.00 5.058250e-09 2.545301e-10 1.065507e-10 13533
9727.70 337720 1.00 5.057992e-09 2.547645e-10 1.064193e-10 13211
9728.15 337704 1.00 5.057165e-09 2.545109e-10 1.065762e-10 13463
9728.61 337688 1.00 5.056615e-09 2.548461e-10 1.065084e-10 13466
9729.06 337672 1.00 5.054482e-09 2.549826e-10 1.061947e-10 13684
9729.52 337656 1.00 5.055068e-09 2.551742e-10 1.061655e-10 13467
9729.97 337640 1.00 5.055562e-09 2.550850e-10 1.059583e-10 13363
9730.43 337624 1.00 5.056464e-09 2.549717e-10 1.061556e-10 13686
9730.88 337608 1.00 5.054596e-09 2.557964e-10 1.061049e-10 13632
9731.34 337592 1.00 5.055832e-09 2.558103e-10 1.060517e-10 13668
9731.79 337576 1.00 5.054658e-09 2.560588e-10 1.057977e-10 13434
9732.25 337560 1.00 5.052979e-09 2.558923e-10 1.057957e-10 13678
9732.70 337544 1.00 5.052820e-09 2.564522e-10 1.058027e-10 13618
9733.16 337528 1.00 5.053460e-09 2.561558e-10 1.058127e-10 13679
9733.61 337512 1.00 5.053999e-09 2.569598e-10 1.056528e-10 13589
9734.07 337496 1.00 5.053364e-09 2.572817e-10 1.056965e-10 13625
9734.52 337480 1.00 5.053663e-09 2.576213e-10 1.058834e-10 13812
9734.98 337464 1.00 5.052379e-09 2.580842e-10 1.058038e-10 13892
9735.43 337448 1.00 5.051858e-09 2.584243e-10 1.058839e-10 13883
9735.89 337432 1.00 5.049297e-09 2.585687e-10 1.060929e-10 13933
9736.34 337416 1.00 5.048642e-09 2.589979e-10 1.062659e-10 13841
9736.80 337400 1.00 5.045953e-09 2.593095e-10 1.064172e-10 14111
9737.25 337384 1.00 5.035566e-09 2.594766e-10 1.064200e-10 14037
9737.71 337368 1.00 5.027228e-09 2.591546e-10 1.065549e-10 13899
9738.16 337352 1.00 5.013718e-09 2.591824e-10 1.063381e-10 13759
9738.62 337336 1.00 5.012303e-09 2.591128e-10 1.063978e-10 13882
9739.07 337320 1.00 5.022510e-09 2.596250e-10 1.066365e-10 13878
9740.21 337280 1.00 5.058551e-09 2.632911e-10 1.088404e-10 13948
9742.04 337216 1.01 5.061176e-09 2.654543e-10 1.102370e-10 14206
9743.86 337152 1.01 5.063960e-09 2.672919e-10 1.120725e-10 14305
9745.68 337088 1.02 5.065234e-09 2.692054e-10 1.136188e-10 14502
9747.51 337024 1.03 5.068178e-09 2.705502e-10 1.149968e-10 14795
9749.56 336952 1.04 5.068618e-09 2.716848e-10 1.163267e-10 14898
9751.39 336888 1.04 5.068694e-09 2.732802e-10 1.172299e-10 14987
9753.44 336816 1.05 5.069551e-09 2.737742e-10 1.178525e-10 15222
9755.50 336744 1.06 5.071509e-09 2.739561e-10 1.191418e-10 15195
9757.33 336680 1.06 5.074952e-09 2.743668e-10 1.193470e-10 15315
9759.39 336608 1.07 5.076542e-09 2.747232e-10 1.198757e-10 15479
9761.45 336536 1.08 5.079060e-09 2.744824e-10 1.201576e-10 15673
9763.51 336464 1.09 5.083449e-09 2.736769e-10 1.196008e-10 15712
9765.57 336392 1.09 5.085750e-09 2.736024e-10 1.190804e-10 15839
9767.63 336320 1.10 5.087472e-09 2.734180e-10 1.179783e-10 15928
9769.92 336240 1.11 5.089568e-09 2.726440e-10 1.173552e-10 16110
9771.98 336168 1.12 5.089762e-09 2.718693e-10 1.164683e-10 16118
9774.28 336088 1.13 5.095800e-09 2.714832e-10 1.157276e-10 16435
9776.34 336016 1.13 5.096242e-09 2.714907e-10 1.151189e-10 16429
9778.64 335936 1.14 5.093212e-09 2.705670e-10 1.146728e-10 16696
9780.93 335856 1.15 5.094638e-09 2.701367e-10 1.141876e-10 17138
9783.00 335784 1.16 5.097171e-09 2.702508e-10 1.147774e-10 16968
9785.30 335704 1.17 5.097506e-09 2.700014e-10 1.147941e-10 17232
9787.60 335624 1.17 5.095019e-09 2.695194e-10 1.153907e-10 17466
9789.90 335544 1.18 5.093594e-09 2.695351e-10 1.156040e-10 17407
9792.21 335464 1.19 5.092510e-09 2.696894e-10 1.156198e-10 17427
9794.74 335376 1.20 5.090690e-09 2.699318e-10 1.162274e-10 17698
9797.04 335296 1.21 5.087760e-09 2.702308e-10 1.166581e-10 17983
9799.35 335216 1.22 5.085119e-09 2.706462e-10 1.168977e-10 17770
9801.89 335128 1.23 5.083704e-09 2.711273e-10 1.177894e-10 18122
9804.20 335048 1.24 5.081973e-09 2.712481e-10 1.186004e-10 18256
9806.74 334960 1.24 5.081199e-09 2.719173e-10 1.192834e-10 18540
9809.28 334872 1.25 5.077840e-09 2.726468e-10 1.203826e-10 18460
9811.82 334784 1.26 5.077200e-09 2.733109e-10 1.214925e-10 18880
9814.13 334704 1.27 5.077997e-09 2.738901e-10 1.221879e-10 18825
9816.68 334616 1.28 5.075528e-09 2.748085e-10 1.233062e-10 18752
9819.46 334520 1.29 5.072929e-09 2.757490e-10 1.237799e-10 19393
9822.01 334432 1.30 5.072177e-09 2.762217e-10 1.239016e-10 19462
9824.56 334344 1.31 5.069894e-09 2.769393e-10 1.235513e-10 19623
9827.11 334256 1.32 5.067708e-09 2.777991e-10 1.234421e-10 19960
9829.89 334160 1.33 5.066430e-09 2.782017e-10 1.231537e-10 20184
9832.45 334072 1.34 5.063138e-09 2.787985e-10 1.236977e-10 20369
9835.23 333976 1.35 5.060452e-09 2.795259e-10 1.240912e-10 20889
9837.79 333888 1.36 5.058302e-09 2.793797e-10 1.243654e-10 20804
9840.58 333792 1.37 5.056216e-09 2.798032e-10 1.246730e-10 21166
9843.37 333696 1.38 5.054488e-09 2.800441e-10 1.250046e-10 21318
9846.17 333600 1.39 5.052929e-09 2.800477e-10 1.254031e-10 21604
9848.96 333504 1.40 5.051528e-09 2.803017e-10 1.254133e-10 21618
9851.76 333408 1.41 5.047426e-09 2.803769e-10 1.252960e-10 22024
9854.56 333312 1.42 5.044629e-09 2.807641e-10 1.257318e-10 22053
9857.36 333216 1.43 5.042593e-09 2.807977e-10 1.260798e-10 22369
9860.39 333112 1.44 5.040075e-09 2.803823e-10 1.265646e-10 22227
9863.20 333016 1.45 5.036624e-09 2.807996e-10 1.269029e-10 22688
9866.00 332920 1.46 5.034820e-09 2.805765e-10 1.274457e-10 22930
9869.04 332816 1.47 5.030620e-09 2.806112e-10 1.277700e-10 23189
9872.09 332712 1.48 5.028688e-09 2.810755e-10 1.286564e-10 23005
9874.90 332616 1.49 5.025889e-09 2.806073e-10 1.294116e-10 23366
9877.94 332512 1.51 5.022304e-09 2.812536e-10 1.299878e-10 23393
9880.99 332408 1.52 5.021713e-09 2.810182e-10 1.305183e-10 24001
9884.04 332304 1.53 5.017768e-09 2.812886e-10 1.312745e-10 24004
9887.10 332200 1.54 5.014512e-09 2.815875e-10 1.317784e-10 24027
9890.15 332096 1.55 5.012374e-09 2.818902e-10 1.318663e-10 24473
9893.21 331992 1.56 5.010249e-09 2.826004e-10 1.325518e-10 24708
9896.26 331888 1.57 5.004376e-09 2.830186e-10 1.324810e-10 24921
9899.56 331776 1.58 5.001447e-09 2.830940e-10 1.328155e-10 25364
9902.62 331672 1.60 5.002124e-09 2.842124e-10 1.333470e-10 25282
9905.92 331560 1.61 4.999749e-09 2.850539e-10 1.337422e-10 25803
9908.99 331456 1.62 4.996328e-09 2.850901e-10 1.341041e-10 25916
9912.29 331344 1.63 4.994677e-09 2.860202e-10 1.347241e-10 26801
9915.60 331232 1.64 4.991573e-09 2.862947e-10 1.353285e-10 26323
9918.67 331128 1.65 4.989690e-09 2.870117e-10 1.357058e-10 27022
9921.98 331016 1.67 4.986783e-09 2.875919e-10 1.364512e-10 27168
9925.30 330904 1.68 4.984838e-09 2.878181e-10 1.366762e-10 27352
9928.61 330792 1.69 4.980928e-09 2.884415e-10 1.372775e-10 28016
9932.17 330672 1.70 4.978645e-09 2.887039e-10 1.377163e-10 28230
9935.49 330560 1.72 4.972807e-09 2.891932e-10 1.381603e-10 28293
9938.81 330448 1.73 4.910397e-09 2.859460e-10 1.371619e-10 28283
9942.13 330336 1.74 4.977637e-09 2.902825e-10 1.393199e-10 28704
9945.70 330216 1.75 4.972688e-09 2.907000e-10 1.400051e-10 29093
9949.03 330104 1.77 4.969591e-09 2.913062e-10 1.408562e-10 29433
9952.60 329984 1.78 4.927043e-09 2.891292e-10 1.404302e-10 29041
9956.17 329864 1.79 4.960781e-09 2.914425e-10 1.420736e-10 29699
9959.50 329752 1.80 4.957189e-09 2.917749e-10 1.427926e-10 30050
9963.08 329632 1.82 4.953788e-09 2.922603e-10 1.433422e-10 30612
9966.66 329512 1.83 4.950805e-09 2.925472e-10 1.438691e-10 30624
9970.24 329392 1.84 4.946190e-09 2.923683e-10 1.446023e-10 30670
9973.83 329272 1.86 4.943715e-09 2.928909e-10 1.453722e-10 31213
9977.42 329152 1.87 4.941423e-09 2.931793e-10 1.458948e-10 31580
9981.01 329032 1.88 4.940464e-09 2.937594e-10 1.462363e-10 31781
9984.84 328904 1.90 4.937025e-09 2.939856e-10 1.469270e-10 32052
9988.44 328784 1.91 4.933252e-09 2.945722e-10 1.471736e-10 32605
9992.03 328664 1.92 4.927974e-09 2.946592e-10 1.479081e-10 32795
9995.88 328536 1.94 4.770287e-09 2.854707e-10 1.436643e-10 32184
9999.48 328416 1.95 4.924364e-09 2.957727e-10 1.491652e-10 33259
10003.33 328288 1.96 4.922326e-09 2.967154e-10 1.497308e-10 34164
10007.18 328160 1.98 4.918725e-09 2.971301e-10 1.504038e-10 34558
10011.03 328032 1.99 4.913692e-09 2.973256e-10 1.509222e-10 34206
10014.89 327904 2.01 4.911310e-09 2.979662e-10 1.514155e-10 34966
10018.51 327784 2.02 4.908508e-09 2.985436e-10 1.521358e-10 35005
10022.37 327656 2.03 4.906297e-09 2.990944e-10 1.527778e-10 35537
10026.47 327520 2.05 4.904378e-09 2.998772e-10 1.535133e-10 36202
10030.34 327392 2.06 4.902408e-09 3.004003e-10 1.540831e-10 36197
10034.21 327264 2.08 4.899528e-09 3.009211e-10 1.547485e-10 36805
10038.09 327136 2.09 4.895996e-09 3.013587e-10 1.554206e-10 36712
10042.21 327000 2.11 4.892323e-09 3.019710e-10 1.562599e-10 37296
10046.09 326872 2.12 4.890241e-09 3.025842e-10 1.569454e-10 38245
10050.22 326736 2.14 4.885398e-09 3.030639e-10 1.574905e-10 38119
10054.10 326608 2.15 4.882505e-09 3.036109e-10 1.586372e-10 38711
10058.24 326472 2.17 4.878558e-09 3.039556e-10 1.593567e-10 38997
10062.37 326336 2.18 4.875776e-09 3.043776e-10 1.598728e-10 39026
10066.27 326208 2.20 4.872356e-09 3.048752e-10 1.607105e-10 39648
10070.41 326072 2.21 4.870392e-09 3.053210e-10 1.612867e-10 40065
10074.56 325936 2.23 4.865545e-09 3.058920e-10 1.620457e-10 40278
10078.71 325800 2.24 4.861927e-09 3.063629e-10 1.630130e-10 40675
10082.87 325664 2.26 4.858903e-09 3.064524e-10 1.635203e-10 40976
10087.02 325528 2.27 4.856003e-09 3.070492e-10 1.641127e-10 41441
10091.43 325384 2.29 4.852469e-09 3.077657e-10 1.649607e-10 41987
10095.59 325248 2.30 4.849521e-09 3.078041e-10 1.659606e-10 42432
10099.76 325112 2.32 4.845178e-09 3.081972e-10 1.662679e-10 42758
10104.18 324968 2.33 4.840774e-09 3.089320e-10 1.672305e-10 42826
10108.36 324832 2.35 4.838740e-09 3.093850e-10 1.677528e-10 43682
10112.78 324688 2.37 4.834749e-09 3.099335e-10 1.683537e-10 44242
10116.96 324552 2.38 4.831818e-09 3.105996e-10 1.690222e-10 44430
10121.40 324408 2.40 4.825300e-09 3.105720e-10 1.695918e-10 44615
10125.83 324264 2.41 4.821018e-09 3.116105e-10 1.702321e-10 45480
10130.27 324120 2.43 4.818520e-09 3.118784e-10 1.711650e-10 45816
10134.72 323976 2.45 4.814940e-09 3.123553e-10 1.717446e-10 46019
10139.17 323832 2.46 4.812138e-09 3.127986e-10 1.726759e-10 46779
10143.62 323688 2.48 4.808268e-09 3.135740e-10 1.736479e-10 47013
10148.08 323544 2.49 4.803741e-09 3.140697e-10 1.746042e-10 47480
10152.54 323400 2.51 4.778096e-09 3.131896e-10 1.744919e-10 47675
10157.00 323256 2.53 4.796666e-09 3.151842e-10 1.761040e-10 48413
10161.72 323104 2.54 4.790821e-09 3.157597e-10 1.770700e-10 48731
10166.19 322960 2.56 4.786985e-09 3.162502e-10 1.777594e-10 49412
10170.67 322816 2.58 4.782524e-09 3.168581e-10 1.785278e-10 50087
10175.40 322664 2.59 4.777470e-09 3.170741e-10 1.794634e-10 50287
10179.88 322520 2.61 4.775802e-09 3.177945e-10 1.803669e-10 51006
10184.62 322368 2.63 4.773834e-09 3.185664e-10 1.811912e-10 51337
10189.36 322216 2.65 4.769865e-09 3.189910e-10 1.821684e-10 51772
10194.11 322064 2.66 4.767281e-09 3.194807e-10 1.828931e-10 52514
10198.61 321920 2.68 4.762501e-09 3.199159e-10 1.835982e-10 52694
10203.37 321768 2.70 4.756812e-09 3.202535e-10 1.845312e-10 53155
10208.13 321616 2.71 4.751352e-09 3.207770e-10 1.851986e-10 53813
10212.90 321464 2.73 4.736964e-09 3.201323e-10 1.854023e-10 54172
10217.67 321312 2.75 4.742917e-09 3.218170e-10 1.866075e-10 54658
10222.69 321152 2.77 4.738346e-09 3.223166e-10 1.878035e-10 54830
10227.47 321000 2.79 4.735524e-09 3.229125e-10 1.886197e-10 55846
10232.26 320848 2.80 4.732522e-09 3.233210e-10 1.892715e-10 56274
10237.05 320696 2.82 4.728549e-09 3.239655e-10 1.901705e-10 56934
10242.09 320536 2.84 4.723791e-09 3.243864e-10 1.911316e-10 57650
10246.89 320384 2.86 4.718671e-09 3.249095e-10 1.919233e-10 57969
10251.94 320224 2.88 4.715267e-09 3.255438e-10 1.928432e-10 58368
10256.75 320072 2.89 4.710178e-09 3.263044e-10 1.938900e-10 59286
10261.82 319912 2.91 4.706436e-09 3.266319e-10 1.950029e-10 59727
10266.89 319752 2.93 4.699940e-09 3.272791e-10 1.957733e-10 60480
10271.96 319592 2.95 4.695851e-09 3.277298e-10 1.970066e-10 60815
10277.04 319432 2.97 4.691115e-09 3.285799e-10 1.978542e-10 61592
10281.87 319280 2.98 4.686770e-09 3.290353e-10 1.988837e-10 61708
10286.97 319120 3.00 4.683249e-09 3.295551e-10 1.998997e-10 62327
10292.06 318960 3.02 4.678415e-09 3.299617e-10 2.009594e-10 62998
10297.42 318792 3.04 4.674780e-09 3.308054e-10 2.019129e-10 63453
10302.52 318632 3.06 4.669526e-09 3.313854e-10 2.031489e-10 64052
10307.64 318472 3.08 4.664042e-09 3.317509e-10 2.040647e-10 64750
10312.75 318312 3.10 4.659473e-09 3.321403e-10 2.049906e-10 65463
10318.13 318144 3.12 4.654189e-09 3.328221e-10 2.060606e-10 66084
10323.26 317984 3.14 4.648974e-09 3.335484e-10 2.069227e-10 66402
10328.39 317824 3.16 4.642641e-09 3.340587e-10 2.082326e-10 66889
10333.78 317656 3.18 4.637213e-09 3.343426e-10 2.091260e-10 67573
10338.93 317496 3.19 4.624681e-09 3.343767e-10 2.097673e-10 68241
10344.33 317328 3.21 4.503726e-09 3.278848e-10 2.068093e-10 67439
10349.75 317160 3.23 4.634996e-09 3.367299e-10 2.126286e-10 69918
10355.16 316992 3.25 4.626677e-09 3.373858e-10 2.135955e-10 71103
10360.33 316832 3.27 4.622605e-09 3.379097e-10 2.145441e-10 70580
10365.76 316664 3.29 4.618635e-09 3.384431e-10 2.156162e-10 71576
10371.19 316496 3.31 4.614678e-09 3.391210e-10 2.167081e-10 72760
10376.63 316328 3.33 4.609357e-09 3.396528e-10 2.178927e-10 73550
10382.08 316160 3.35 4.604013e-09 3.402597e-10 2.192609e-10 73441
10387.53 315992 3.37 4.599817e-09 3.408699e-10 2.198267e-10 74610
10392.99 315824 3.39 4.595547e-09 3.412121e-10 2.209997e-10 75303
10398.71 315648 3.41 4.591672e-09 3.422083e-10 2.223109e-10 75965
10404.18 315480 3.43 4.588012e-09 3.426444e-10 2.234843e-10 76563
10409.66 315312 3.45 4.582898e-09 3.431483e-10 2.245165e-10 76976
10415.40 315136 3.47 4.578386e-09 3.437230e-10 2.259291e-10 78253
10420.89 314968 3.49 4.572709e-09 3.441493e-10 2.269193e-10 78771
10426.38 314800 3.51 4.558648e-09 3.435861e-10 2.271653e-10 79357
10432.14 314624 3.54 4.565226e-09 3.457000e-10 2.295890e-10 80559
10437.91 314448 3.56 4.560311e-09 3.462287e-10 2.307049e-10 81146
10443.42 314280 3.58 4.554783e-09 3.471859e-10 2.317914e-10 82254
10449.20 314104 3.60 4.549389e-09 3.475020e-10 2.329471e-10 81764
10454.99 313928 3.62 4.545055e-09 3.479439e-10 2.341309e-10 83528
10460.78 313752 3.64 4.540135e-09 3.488839e-10 2.355794e-10 84073
10466.32 313584 3.66 4.534880e-09 3.492424e-10 2.367296e-10 85169
10472.13 313408 3.68 4.530340e-09 3.499356e-10 2.377890e-10 85225
10477.94 313232 3.70 4.524720e-09 3.504710e-10 2.391203e-10 86334
10483.76 313056 3.72 4.520214e-09 3.511017e-10 2.402136e-10 87901
10489.59 312880 3.75 4.514091e-09 3.516706e-10 2.413956e-10 88202
10495.69 312696 3.77 4.509406e-09 3.522461e-10 2.426385e-10 88833
10501.53 312520 3.79 4.503262e-09 3.526281e-10 2.437188e-10 89239
10507.37 312344 3.81 4.496656e-09 3.534531e-10 2.450098e-10 89791
10513.23 312168 3.83 4.488137e-09 3.534943e-10 2.458601e-10 91613
10519.35 311984 3.85 4.328475e-09 3.410941e-10 2.380037e-10 88750
10525.22 311808 3.88 4.492043e-09 3.560533e-10 2.490921e-10 92409
10531.09 311632 3.90 4.476688e-09 3.559644e-10 2.499993e-10 93336
10537.24 311448 3.92 4.478552e-09 3.571987e-10 2.516928e-10 94065
10543.13 311272 3.94 4.475723e-09 3.578606e-10 2.527822e-10 95305
10549.29 311088 3.96 4.471043e-09 3.587246e-10 2.541192e-10 96662
10555.46 310904 3.99 4.466593e-09 3.591486e-10 2.553747e-10 97088
