9359.03 351224 1.00 5.474472e-09 6.202685e-10 8.065677e-10 909
9369.12 350840 1.00 5.474317e-09 6.200839e-10 8.065430e-10 836
9379.02 350464 1.00 5.471960e-09 6.213317e-10 8.094068e-10 836
9389.15 350080 1.00 5.457673e-09 6.242153e-10 8.177303e-10 916
9399.09 349704 1.00 5.459758e-09 6.287120e-10 8.270131e-10 980
9409.06 349328 1.00 5.457398e-09 6.313235e-10 8.382217e-10 975
9419.04 348952 1.00 5.453076e-09 6.354174e-10 8.479491e-10 981
9429.05 348576 1.00 5.448791e-09 6.390608e-10 8.587250e-10 980
9439.08 348200 1.00 5.442202e-09 6.417550e-10 8.692080e-10 985
9449.13 347824 1.00 5.417855e-09 6.434713e-10 8.757678e-10 956
9458.99 347456 1.00 5.430638e-09 6.485718e-10 8.884094e-10 941
9469.09 347080 1.00 5.425287e-09 6.525249e-10 8.995162e-10 1021
9478.99 346712 1.00 5.420170e-09 6.555674e-10 9.099486e-10 963
9489.13 346336 1.00 5.411829e-09 6.591327e-10 9.202584e-10 987
9499.08 345968 1.00 5.403280e-09 6.624458e-10 9.299202e-10 1020
9509.04 345600 1.00 5.395591e-09 6.659153e-10 9.409155e-10 1085
9519.03 345232 1.00 5.385644e-09 6.684722e-10 9.502851e-10 1062
9529.04 344864 1.00 5.392297e-09 6.729099e-10 9.626059e-10 1042
9539.07 344496 1.00 5.379757e-09 6.758060e-10 9.718949e-10 1163
9549.12 344128 1.00 5.369979e-09 6.789323e-10 9.829150e-10 1107
9559.20 343760 1.00 5.350274e-09 6.806585e-10 9.909291e-10 1206
9569.07 343400 1.00 4.567507e-09 5.779271e-10 8.461861e-10 985
9579.19 343032 1.00 5.364411e-09 6.902386e-10 1.015588e-09 1194
9589.11 342672 1.00 5.360127e-09 6.936584e-10 1.025706e-09 1270
9599.05 342312 1.00 5.352632e-09 6.967183e-10 1.035614e-09 1314
9609.01 341952 1.00 5.346048e-09 6.987423e-10 1.043654e-09 1500
9618.99 341592 1.00 5.339823e-09 7.007451e-10 1.049764e-09 1455
9628.99 341232 1.00 5.336644e-09 7.022950e-10 1.053156e-09 1788
9630.10 341192 1.00 5.336698e-09 7.023659e-10 1.052190e-09 1852
9630.55 341176 1.00 5.336756e-09 7.026851e-10 1.052938e-09 1733
9630.99 341160 1.00 5.337244e-09 7.021795e-10 1.052173e-09 1851
9631.44 341144 1.00 5.336490e-09 7.021952e-10 1.051752e-09 1813
9631.88 341128 1.00 5.336237e-09 7.027730e-10 1.051984e-09 1755
9632.33 341112 1.00 5.335606e-09 7.022674e-10 1.051068e-09 1825
9632.77 341096 1.00 5.334662e-09 7.023973e-10 1.051686e-09 1800
9633.22 341080 1.00 5.336702e-09 7.029010e-10 1.051041e-09 1915
9633.67 341064 1.00 5.336101e-09 7.022740e-10 1.050915e-09 1759
9634.11 341048 1.00 5.336147e-09 7.015268e-10 1.050813e-09 1837
9634.56 341032 1.00 5.334797e-09 7.019730e-10 1.050786e-09 1876
9635.00 341016 1.00 5.336072e-09 7.017137e-10 1.049580e-09 2019
9635.45 341000 1.00 5.333861e-09 7.026275e-10 1.050057e-09 1977
9635.89 340984 1.00 5.332762e-09 7.018042e-10 1.049878e-09 1945
9636.34 340968 1.00 5.332755e-09 7.014909e-10 1.048593e-09 1971
9636.78 340952 1.00 5.333128e-09 7.018768e-10 1.047915e-09 1939
9637.23 340936 1.00 5.332276e-09 7.017611e-10 1.047583e-09 2126
9637.68 340920 1.00 5.332587e-09 7.014528e-10 1.046609e-09 2028
9638.12 340904 1.00 5.330764e-09 7.006726e-10 1.045958e-09 2039
9638.57 340888 1.00 5.329762e-09 7.010043e-10 1.044434e-09 2134
9639.01 340872 1.00 5.330293e-09 7.006614e-10 1.043639e-09 2196
9639.46 340856 1.00 5.327728e-09 7.008412e-10 1.042897e-09 2124
9639.91 340840 1.00 5.328716e-09 7.006808e-10 1.041502e-09 2241
9640.35 340824 1.00 5.328760e-09 7.000859e-10 1.041869e-09 2141
9640.80 340808 1.00 5.328831e-09 6.996974e-10 1.040411e-09 2260
9641.24 340792 1.00 5.328036e-09 6.993279e-10 1.038409e-09 2357
9641.69 340776 1.00 5.326388e-09 6.988280e-10 1.037872e-09 2412
9642.14 340760 1.00 5.327157e-09 6.988895e-10 1.035592e-09 2433
9642.58 340744 1.00 5.327221e-09 6.989570e-10 1.034506e-09 2381
9643.03 340728 1.00 5.325778e-09 6.982022e-10 1.032218e-09 2501
9643.48 340712 1.00 5.325031e-09 6.978238e-10 1.029955e-09 2480
9643.92 340696 1.00 5.326526e-09 6.968803e-10 1.029005e-09 2533
9644.37 340680 1.00 5.323526e-09 6.963783e-10 1.026357e-09 2531
9644.82 340664 1.00 5.326886e-09 6.960388e-10 1.023575e-09 2621
9645.26 340648 1.00 5.325098e-09 6.954943e-10 1.021084e-09 2763
9645.71 340632 1.00 5.326191e-09 6.952372e-10 1.019590e-09 2757
9646.16 340616 1.00 5.325904e-09 6.939510e-10 1.016235e-09 2814
9646.60 340600 1.00 5.324317e-09 6.940833e-10 1.013305e-09 2880
9647.05 340584 1.00 5.324093e-09 6.926788e-10 1.007998e-09 3093
9647.50 340568 1.00 5.324389e-09 6.915367e-10 1.004944e-09 3141
9647.94 340552 1.00 5.324370e-09 6.900561e-10 1.000549e-09 3174
9648.39 340536 1.00 5.323657e-09 6.891220e-10 9.961690e-10 3302
9648.84 340520 1.00 5.321603e-09 6.881783e-10 9.906607e-10 3431
9649.28 340504 1.00 5.322116e-09 6.875676e-10 9.853214e-10 3538
9649.73 340488 1.00 5.322853e-09 6.854052e-10 9.774550e-10 3740
9650.18 340472 1.00 5.323712e-09 6.839380e-10 9.722201e-10 3735
9650.62 340456 1.00 5.321795e-09 6.822589e-10 9.630903e-10 4066
9651.07 340440 1.00 5.321106e-09 6.807486e-10 9.579273e-10 4174
9651.52 340424 1.00 5.320548e-09 6.789748e-10 9.467380e-10 4326
9651.97 340408 1.00 5.319022e-09 6.762518e-10 9.365085e-10 4678
9652.41 340392 1.00 5.320310e-09 6.735935e-10 9.213547e-10 4915
9652.86 340376 1.00 5.318604e-09 6.707188e-10 9.082268e-10 5254
9653.31 340360 1.00 5.317297e-09 6.665404e-10 8.878896e-10 5678
9653.75 340344 1.00 5.317169e-09 6.637043e-10 8.703665e-10 6028
9654.20 340328 1.00 5.317391e-09 6.590735e-10 8.477166e-10 6855
9654.65 340312 1.00 5.315210e-09 6.557788e-10 8.274236e-10 7109
9655.10 340296 1.00 5.316480e-09 6.479040e-10 7.800510e-10 8322
9655.54 340280 1.00 5.317298e-09 6.432095e-10 7.468718e-10 9260
9655.99 340264 1.00 5.312990e-09 6.338831e-10 6.889579e-10 10986
9656.44 340248 1.00 5.313041e-09 6.210525e-10 6.011964e-10 13569
9656.89 340232 1.00 5.313783e-09 6.060032e-10 5.176255e-10 16103
9657.34 340216 1.00 5.312832e-09 5.916136e-10 4.531029e-10 17775
9657.78 340200 1.00 5.311225e-09 5.704966e-10 3.855421e-10 19494
9658.23 340184 1.00 5.310918e-09 5.482265e-10 3.375117e-10 20445
9658.68 340168 1.00 5.309184e-09 5.207788e-10 2.956611e-10 20505
9659.13 340152 1.00 5.309400e-09 4.834070e-10 2.552464e-10 20344
9659.57 340136 1.00 5.309424e-09 4.502959e-10 2.266160e-10 19549
9660.02 340120 1.00 5.305832e-09 4.100210e-10 1.974940e-10 18490
9660.47 340104 1.00 5.305385e-09 3.766649e-10 1.760609e-10 17251
9660.92 340088 1.00 5.303494e-09 3.425225e-10 1.562891e-10 16616
9661.37 340072 1.00 5.299811e-09 3.129176e-10 1.399424e-10 15151
9661.81 340056 1.00 5.296443e-09 2.783218e-10 1.220505e-10 13768
9662.26 340040 1.00 5.291130e-09 2.536960e-10 1.094008e-10 12592
9662.71 340024 1.00 5.282253e-09 2.340190e-10 9.952729e-11 12015
9663.16 340008 1.00 5.271906e-09 2.238708e-10 9.320524e-11 11534
9663.61 339992 1.00 5.243384e-09 2.192833e-10 8.932804e-11 11427
9664.06 339976 1.00 5.199913e-09 2.177281e-10 8.686651e-11 11468
9664.50 339960 1.00 5.169428e-09 2.174512e-10 8.452426e-11 11619
9664.95 339944 1.00 5.167599e-09 2.188672e-10 8.319224e-11 11654
9665.40 339928 1.00 5.182119e-09 2.201022e-10 8.240133e-11 11608
9665.85 339912 1.00 5.230411e-09 2.256410e-10 8.224008e-11 12339
9666.30 339896 1.00 5.256457e-09 2.283116e-10 8.234390e-11 12662
9666.75 339880 1.00 5.279546e-09 2.324714e-10 8.221456e-11 12953
9667.20 339864 1.00 5.284962e-09 2.352422e-10 8.205542e-11 13111
9667.64 339848 1.00 5.284525e-09 2.386046e-10 8.236192e-11 13408
9668.09 339832 1.00 5.284606e-09 2.421864e-10 8.292819e-11 13413
9668.54 339816 1.00 5.282275e-09 2.466625e-10 8.463578e-11 13642
9668.99 339800 1.00 5.281823e-09 2.499488e-10 8.669690e-11 13900
9669.44 339784 1.00 5.284333e-09 2.535605e-10 8.959582e-11 13882
9669.89 339768 1.00 5.282583e-09 2.557546e-10 9.229638e-11 13899
9670.34 339752 1.00 5.285099e-09 2.577286e-10 9.581275e-11 14118
9670.79 339736 1.00 5.282559e-09 2.585324e-10 9.862111e-11 13600
9671.23 339720 1.00 5.284558e-09 2.581440e-10 1.009579e-10 13532
9671.68 339704 1.00 5.285298e-09 2.573317e-10 1.025626e-10 13417
9672.13 339688 1.00 5.287011e-09 2.568320e-10 1.039983e-10 13183
9672.58 339672 1.00 5.285285e-09 2.573172e-10 1.046633e-10 13222
9673.03 339656 1.00 5.284990e-09 2.568778e-10 1.060352e-10 13195
9673.48 339640 1.00 5.285425e-09 2.568321e-10 1.066673e-10 13286
9673.93 339624 1.00 5.284963e-09 2.578181e-10 1.077301e-10 13114
9674.38 339608 1.00 5.284631e-09 2.584119e-10 1.081463e-10 13068
9674.83 339592 1.00 5.283504e-09 2.593815e-10 1.085099e-10 13143
9675.28 339576 1.00 5.282585e-09 2.599052e-10 1.090102e-10 13220
9675.73 339560 1.00 5.284258e-09 2.613517e-10 1.093429e-10 13441
9676.18 339544 1.00 5.282412e-09 2.625153e-10 1.094734e-10 13340
9676.63 339528 1.00 5.282801e-09 2.630334e-10 1.096495e-10 13098
9677.08 339512 1.00 5.281604e-09 2.638797e-10 1.100817e-10 13444
9677.53 339496 1.00 5.281821e-09 2.644283e-10 1.104734e-10 13591
9677.98 339480 1.00 5.279359e-09 2.650687e-10 1.113120e-10 13474
9678.43 339464 1.00 5.280676e-09 2.651088e-10 1.116413e-10 13262
9678.87 339448 1.00 5.281278e-09 2.652102e-10 1.121445e-10 13420
9679.32 339432 1.00 5.280451e-09 2.657683e-10 1.128899e-10 13257
9679.77 339416 1.00 5.278439e-09 2.652153e-10 1.134558e-10 13409
9680.22 339400 1.00 5.279626e-09 2.652714e-10 1.140800e-10 13338
9680.67 339384 1.00 5.278453e-09 2.650309e-10 1.146346e-10 13361
9681.12 339368 1.00 5.276673e-09 2.649824e-10 1.148935e-10 13391
9681.57 339352 1.00 5.277373e-09 2.653734e-10 1.154267e-10 13149
9682.02 339336 1.00 5.277297e-09 2.654477e-10 1.156578e-10 13232
9682.47 339320 1.00 5.278006e-09 2.669464e-10 1.160289e-10 13499
9682.92 339304 1.00 5.275829e-09 2.673166e-10 1.162861e-10 13291
9683.37 339288 1.00 5.275690e-09 2.691132e-10 1.169439e-10 13453
9683.82 339272 1.00 5.275288e-09 2.702839e-10 1.173744e-10 13633
9684.28 339256 1.00 5.274850e-09 2.708803e-10 1.175724e-10 13733
9684.73 339240 1.00 5.274247e-09 2.722815e-10 1.180989e-10 13729
9685.18 339224 1.00 5.274297e-09 2.732719e-10 1.179355e-10 13785
9685.63 339208 1.00 5.274054e-09 2.742244e-10 1.183634e-10 13781
9686.08 339192 1.00 5.273567e-09 2.754824e-10 1.184735e-10 13897
9686.53 339176 1.00 5.272356e-09 2.766258e-10 1.187875e-10 14141
9686.98 339160 1.00 5.273432e-09 2.777298e-10 1.182647e-10 14083
9687.43 339144 1.00 5.272649e-09 2.785186e-10 1.183648e-10 14206
9687.88 339128 1.00 5.272732e-09 2.793491e-10 1.184755e-10 14211
9688.33 339112 1.00 5.273007e-09 2.798422e-10 1.183028e-10 14381
9688.78 339096 1.00 5.271608e-09 2.810743e-10 1.182556e-10 14330
9689.23 339080 1.00 5.273245e-09 2.814202e-10 1.179190e-10 14385
9689.68 339064 1.00 5.270963e-09 2.821711e-10 1.177882e-10 14476
9690.13 339048 1.00 5.270437e-09 2.827359e-10 1.176004e-10 14446
9690.58 339032 1.00 5.269190e-09 2.823098e-10 1.174933e-10 14596
9691.03 339016 1.00 5.269316e-09 2.829492e-10 1.169807e-10 14659
9691.48 339000 1.00 5.269391e-09 2.832289e-10 1.170201e-10 14601
9691.94 338984 1.00 5.267557e-09 2.827740e-10 1.167100e-10 14353
9692.39 338968 1.00 5.266933e-09 2.830172e-10 1.163621e-10 14621
9692.84 338952 1.00 5.266212e-09 2.829021e-10 1.160717e-10 14783
9693.29 338936 1.00 5.264667e-09 2.827186e-10 1.155618e-10 14707
9693.74 338920 1.00 5.263018e-09 2.828288e-10 1.158525e-10 14945
9694.19 338904 1.00 5.262582e-09 2.828875e-10 1.156200e-10 14652
9694.64 338888 1.00 5.258369e-09 2.823514e-10 1.157555e-10 14680
9695.09 338872 1.00 5.252226e-09 2.824371e-10 1.157169e-10 14680
9695.55 338856 1.00 5.243543e-09 2.817721e-10 1.154037e-10 14504
9696.00 338840 1.00 5.239220e-09 2.812804e-10 1.153440e-10 14553
9696.45 338824 1.00 5.241823e-09 2.809046e-10 1.151577e-10 14650
9696.90 338808 1.00 5.246402e-09 2.802552e-10 1.151857e-10 14612
9697.35 338792 1.00 5.256668e-09 2.809345e-10 1.154190e-10 14778
9697.80 338776 1.00 5.259905e-09 2.811985e-10 1.152440e-10 14557
9698.25 338760 1.00 5.263414e-09 2.813499e-10 1.160963e-10 14585
9698.71 338744 1.00 5.264574e-09 2.813839e-10 1.162577e-10 14494
9699.16 338728 1.00 5.264000e-09 2.813045e-10 1.158999e-10 14875
9699.61 338712 1.00 5.263422e-09 2.815672e-10 1.163726e-10 14736
9700.06 338696 1.00 5.263280e-09 2.813770e-10 1.166729e-10 14761
9700.51 338680 1.00 5.263146e-09 2.810472e-10 1.165502e-10 14602
9700.96 338664 1.00 5.259735e-09 2.809494e-10 1.167903e-10 14546
9701.42 338648 1.00 5.260176e-09 2.809863e-10 1.168781e-10 14443
9701.87 338632 1.00 5.260719e-09 2.807765e-10 1.170306e-10 14340
9702.32 338616 1.00 5.258136e-09 2.801062e-10 1.170163e-10 14664
9702.77 338600 1.00 5.256434e-09 2.803106e-10 1.170100e-10 14564
9703.22 338584 1.00 5.258043e-09 2.795861e-10 1.168793e-10 14497
9703.68 338568 1.00 5.259220e-09 2.796133e-10 1.171086e-10 14635
9704.13 338552 1.00 5.257990e-09 2.792925e-10 1.172522e-10 14235
9704.58 338536 1.00 5.256742e-09 2.788883e-10 1.170303e-10 14501
9705.03 338520 1.00 5.256070e-09 2.789927e-10 1.170260e-10 14432
9705.49 338504 1.00 5.256279e-09 2.787243e-10 1.169012e-10 14503
9705.94 338488 1.00 5.255083e-09 2.779558e-10 1.166841e-10 14322
9706.39 338472 1.00 5.255667e-09 2.778389e-10 1.164795e-10 14434
9706.84 338456 1.00 5.254455e-09 2.777183e-10 1.163200e-10 14377
9707.29 338440 1.00 5.254693e-09 2.773203e-10 1.164809e-10 14462
9707.75 338424 1.00 5.253287e-09 2.770417e-10 1.161506e-10 14346
9708.20 338408 1.00 5.253245e-09 2.766098e-10 1.156286e-10 14261
9708.65 338392 1.00 5.251717e-09 2.761554e-10 1.154033e-10 14376
9709.11 338376 1.00 5.251942e-09 2.752537e-10 1.148799e-10 14539
9709.56 338360 1.00 5.251127e-09 2.751168e-10 1.143920e-10 14472
9710.01 338344 1.00 5.249271e-09 2.753379e-10 1.141396e-10 14463
9710.46 338328 1.00 5.250275e-09 2.742697e-10 1.140027e-10 14188
9710.92 338312 1.00 5.250248e-09 2.737413e-10 1.132117e-10 14317
9711.37 338296 1.00 5.249636e-09 2.738528e-10 1.133345e-10 14154
9711.82 338280 1.00 5.249006e-09 2.731041e-10 1.126601e-10 14167
9712.27 338264 1.00 5.243964e-09 2.723791e-10 1.122373e-10 14522
9712.73 338248 1.00 5.243982e-09 2.715693e-10 1.116669e-10 14132
9713.18 338232 1.00 5.243386e-09 2.713671e-10 1.112031e-10 14380
9713.63 338216 1.00 5.242696e-09 2.708964e-10 1.108024e-10 14165
9714.09 338200 1.00 5.242322e-09 2.698383e-10 1.107830e-10 14247
9714.54 338184 1.00 5.241431e-09 2.694842e-10 1.103572e-10 14152
9714.99 338168 1.00 5.241650e-09 2.687603e-10 1.102561e-10 14274
9715.45 338152 1.00 5.238594e-09 2.682410e-10 1.103893e-10 14315
9715.90 338136 1.00 5.240007e-09 2.678716e-10 1.100483e-10 14205
9716.35 338120 1.00 5.238374e-09 2.672865e-10 1.103327e-10 14212
9716.81 338104 1.00 5.237520e-09 2.668130e-10 1.099148e-10 14201
9717.26 338088 1.00 5.239334e-09 2.662479e-10 1.101623e-10 13835
9717.71 338072 1.00 5.237060e-09 2.651678e-10 1.101424e-10 14043
9718.17 338056 1.00 5.236719e-09 2.653120e-10 1.103921e-10 13679
9718.62 338040 1.00 5.236461e-09 2.648942e-10 1.103561e-10 13836
9719.07 338024 1.00 5.236136e-09 2.645013e-10 1.103056e-10 14093
9719.53 338008 1.00 5.233665e-09 2.639459e-10 1.101514e-10 13950
9719.98 337992 1.00 5.232151e-09 2.637225e-10 1.099713e-10 13817
9720.43 337976 1.00 5.231577e-09 2.635210e-10 1.100739e-10 14109
9720.89 337960 1.00 5.228197e-09 2.631797e-10 1.100186e-10 13822
9721.34 337944 1.00 5.225766e-09 2.632915e-10 1.100578e-10 13960
9721.80 337928 1.00 5.217603e-09 2.621228e-10 1.096785e-10 13796
9722.25 337912 1.00 5.201509e-09 2.617201e-10 1.097113e-10 13937
9722.70 337896 1.00 5.187130e-09 2.605393e-10 1.092662e-10 13790
9723.16 337880 1.00 5.184916e-09 2.603228e-10 1.087507e-10 13772
9723.61 337864 1.00 5.190405e-09 2.602414e-10 1.090675e-10 13908
9724.07 337848 1.00 5.205425e-09 2.612098e-10 1.091576e-10 13581
9724.52 337832 1.00 5.225170e-09 2.622728e-10 1.098821e-10 13763
9724.97 337816 1.00 5.235294e-09 2.625506e-10 1.098707e-10 14008
9725.43 337800 1.00 5.236344e-09 2.626378e-10 1.099721e-10 14219
9725.88 337784 1.00 5.235853e-09 2.621283e-10 1.097345e-10 14095
9726.34 337768 1.00 5.234121e-09 2.622733e-10 1.098411e-10 13777
9726.79 337752 1.00 5.233995e-09 2.624606e-10 1.094734e-10 13946
9727.25 337736 1.00 5.233719e-09 2.622660e-10 1.093377e-10 14072
9727.70 337720 1.00 5.232187e-09 2.625126e-10 1.095255e-10 13960
9728.15 337704 1.00 5.233237e-09 2.624950e-10 1.093556e-10 13843
9728.61 337688 1.00 5.231240e-09 2.624319e-10 1.095095e-10 13929
9729.06 337672 1.00 5.232403e-09 2.624615e-10 1.091621e-10 14025
9729.52 337656 1.00 5.231146e-09 2.629452e-10 1.090596e-10 13955
9729.97 337640 1.00 5.230429e-09 2.629805e-10 1.088138e-10 14095
9730.43 337624 1.00 5.230585e-09 2.631624e-10 1.090071e-10 14071
9730.88 337608 1.00 5.230449e-09 2.633506e-10 1.088823e-10 13981
9731.34 337592 1.00 5.230087e-09 2.632748e-10 1.088887e-10 14267
9731.79 337576 1.00 5.230458e-09 2.638185e-10 1.085259e-10 14192
9732.25 337560 1.00 5.230135e-09 2.635493e-10 1.087938e-10 14084
9732.70 337544 1.00 5.229688e-09 2.643250e-10 1.086169e-10 14158
9733.16 337528 1.00 5.229037e-09 2.647338e-10 1.088372e-10 14095
9733.61 337512 1.00 5.227952e-09 2.648106e-10 1.088641e-10 14136
9734.07 337496 1.00 5.228110e-09 2.651217e-10 1.086841e-10 14177
9734.52 337480 1.00 5.228223e-09 2.656755e-10 1.089449e-10 14055
9734.98 337464 1.00 5.228993e-09 2.659772e-10 1.090404e-10 14186
9735.43 337448 1.00 5.229725e-09 2.662357e-10 1.090508e-10 14318
9735.89 337432 1.00 5.228301e-09 2.667944e-10 1.089775e-10 14149
9736.34 337416 1.00 5.224090e-09 2.672367e-10 1.095431e-10 14261
9736.80 337400 1.00 5.216550e-09 2.672305e-10 1.094209e-10 14335
9737.25 337384 1.00 5.198526e-09 2.670634e-10 1.091226e-10 14357
9737.71 337368 1.00 5.182904e-09 2.668827e-10 1.090636e-10 14406
9738.16 337352 1.00 5.179750e-09 2.666140e-10 1.094924e-10 14418
9738.62 337336 1.00 5.179591e-09 2.667062e-10 1.092555e-10 14424
9739.07 337320 1.00 5.195370e-09 2.677775e-10 1.100091e-10 14215
9740.21 337280 1.00 5.221305e-09 2.707637e-10 1.117034e-10 14725
9742.04 337216 1.01 5.221283e-09 2.725803e-10 1.129422e-10 14803
9743.86 337152 1.01 5.222402e-09 2.741029e-10 1.147561e-10 14658
9745.68 337088 1.02 5.221115e-09 2.760840e-10 1.166620e-10 14894
9747.51 337024 1.03 5.221106e-09 2.774246e-10 1.178356e-10 14897
9749.56 336952 1.04 5.221216e-09 2.788755e-10 1.189591e-10 15288
9751.39 336888 1.04 5.218542e-09 2.801043e-10 1.200295e-10 15473
9753.44 336816 1.05 5.216248e-09 2.808683e-10 1.208560e-10 15720
9755.50 336744 1.06 5.215551e-09 2.813343e-10 1.221897e-10 15711
9757.33 336680 1.06 5.214771e-09 2.814562e-10 1.223508e-10 15648
9759.39 336608 1.07 5.211532e-09 2.813215e-10 1.228289e-10 15831
9761.45 336536 1.08 5.211791e-09 2.811014e-10 1.231024e-10 16015
9763.51 336464 1.09 5.210319e-09 2.803960e-10 1.220987e-10 16109
9765.57 336392 1.09 5.209501e-09 2.800101e-10 1.215380e-10 16345
9767.63 336320 1.10 5.206927e-09 2.797901e-10 1.205762e-10 16481
9769.92 336240 1.11 5.205381e-09 2.787864e-10 1.196538e-10 16337
9771.98 336168 1.12 5.202354e-09 2.778264e-10 1.191567e-10 16643
9774.28 336088 1.13 5.201104e-09 2.771902e-10 1.181950e-10 16722
9776.34 336016 1.13 5.200898e-09 2.767296e-10 1.172897e-10 16958
9778.64 335936 1.14 5.193772e-09 2.759989e-10 1.168760e-10 16927
9780.93 335856 1.15 5.196198e-09 2.758812e-10 1.167099e-10 17080
9783.00 335784 1.16 5.195914e-09 2.757771e-10 1.169269e-10 17295
9785.30 335704 1.17 5.193629e-09 2.754845e-10 1.171868e-10 17509
9787.60 335624 1.17 5.192124e-09 2.751480e-10 1.176082e-10 17474
9789.90 335544 1.18 5.192002e-09 2.750112e-10 1.177984e-10 17744
9792.21 335464 1.19 5.187433e-09 2.749440e-10 1.180435e-10 17783
9794.74 335376 1.20 5.187943e-09 2.753147e-10 1.185114e-10 18167
9797.04 335296 1.21 5.186085e-09 2.750716e-10 1.186567e-10 18389
9799.35 335216 1.22 5.183767e-09 2.757190e-10 1.192054e-10 18318
9801.89 335128 1.23 5.179978e-09 2.763149e-10 1.199057e-10 18480
9804.20 335048 1.24 5.179534e-09 2.765062e-10 1.210751e-10 18777
9806.74 334960 1.24 5.177017e-09 2.772109e-10 1.219202e-10 18653
9809.28 334872 1.25 5.177053e-09 2.782463e-10 1.227238e-10 18910
9811.82 334784 1.26 5.176808e-09 2.788909e-10 1.240189e-10 19177
9814.13 334704 1.27 5.175167e-09 2.797740e-10 1.250182e-10 19262
9816.68 334616 1.28 5.173464e-09 2.801872e-10 1.257694e-10 19546
9819.46 334520 1.29 5.171271e-09 2.812419e-10 1.262994e-10 19930
9822.01 334432 1.30 5.168836e-09 2.821436e-10 1.262228e-10 19802
9824.56 334344 1.31 5.168663e-09 2.824554e-10 1.260841e-10 20381
9827.11 334256 1.32 5.165566e-09 2.833746e-10 1.259152e-10 20509
9829.89 334160 1.33 5.164122e-09 2.842510e-10 1.259623e-10 20700
9832.45 334072 1.34 5.164491e-09 2.842086e-10 1.261308e-10 20865
9835.23 333976 1.35 5.162869e-09 2.846480e-10 1.265847e-10 21180
9837.79 333888 1.36 5.158437e-09 2.849488e-10 1.269865e-10 21275
9840.58 333792 1.37 5.156517e-09 2.854480e-10 1.272871e-10 21700
9843.37 333696 1.38 5.155590e-09 2.854968e-10 1.276692e-10 21966
9846.17 333600 1.39 5.151553e-09 2.855671e-10 1.279629e-10 21807
9848.96 333504 1.40 5.150973e-09 2.861178e-10 1.280865e-10 22033
9851.76 333408 1.41 5.147685e-09 2.862599e-10 1.283142e-10 22586
9854.56 333312 1.42 5.145415e-09 2.863431e-10 1.285763e-10 22548
9857.36 333216 1.43 5.142263e-09 2.861297e-10 1.285726e-10 22821
9860.39 333112 1.44 5.139037e-09 2.865906e-10 1.293244e-10 22735
9863.20 333016 1.45 5.137030e-09 2.867883e-10 1.294653e-10 23256
9866.00 332920 1.46 5.134038e-09 2.866569e-10 1.301001e-10 23316
9869.04 332816 1.47 5.129441e-09 2.864170e-10 1.308318e-10 23766
9872.09 332712 1.48 5.127731e-09 2.863099e-10 1.312484e-10 23797
9874.90 332616 1.49 5.123471e-09 2.867216e-10 1.319736e-10 23795
9877.94 332512 1.51 5.119379e-09 2.867148e-10 1.326593e-10 23893
9880.99 332408 1.52 5.118734e-09 2.866765e-10 1.332163e-10 24447
9884.04 332304 1.53 5.116424e-09 2.870832e-10 1.337507e-10 24701
9887.10 332200 1.54 5.111809e-09 2.874468e-10 1.344790e-10 24979
9890.15 332096 1.55 5.109933e-09 2.875279e-10 1.346893e-10 24960
9893.21 331992 1.56 5.108033e-09 2.881918e-10 1.350650e-10 24898
9896.26 331888 1.57 5.104415e-09 2.885471e-10 1.353995e-10 25362
9899.56 331776 1.58 5.095771e-09 2.890771e-10 1.359429e-10 25642
9902.62 331672 1.60 5.099992e-09 2.898668e-10 1.362118e-10 26153
9905.92 331560 1.61 5.097302e-09 2.904724e-10 1.366248e-10 26688
9908.99 331456 1.62 5.096560e-09 2.911755e-10 1.368885e-10 26644
9912.29 331344 1.63 5.093523e-09 2.917679e-10 1.373856e-10 26665
9915.60 331232 1.64 5.089893e-09 2.923959e-10 1.379072e-10 26990
9918.67 331128 1.65 5.086567e-09 2.925804e-10 1.386564e-10 27481
9921.98 331016 1.67 5.083482e-09 2.935771e-10 1.390973e-10 27945
9925.30 330904 1.68 5.079697e-09 2.937450e-10 1.395968e-10 27939
9928.61 330792 1.69 5.076997e-09 2.946310e-10 1.401920e-10 28259
9932.17 330672 1.70 5.074295e-09 2.948701e-10 1.405192e-10 29025
9935.49 330560 1.72 5.069069e-09 2.950542e-10 1.412413e-10 28792
9938.81 330448 1.73 5.028691e-09 2.931645e-10 1.403983e-10 28754
9942.13 330336 1.74 5.072600e-09 2.964343e-10 1.421875e-10 29321
9945.70 330216 1.75 5.068810e-09 2.966759e-10 1.428085e-10 29693
9949.03 330104 1.77 5.065327e-09 2.972448e-10 1.436236e-10 29914
9952.60 329984 1.78 5.026198e-09 2.954052e-10 1.430872e-10 29633
9956.17 329864 1.79 5.057181e-09 2.976071e-10 1.447347e-10 30355
9959.50 329752 1.80 5.054974e-09 2.981068e-10 1.454432e-10 30634
9963.08 329632 1.82 5.054262e-09 2.980929e-10 1.463325e-10 30988
9966.66 329512 1.83 5.049847e-09 2.986106e-10 1.472191e-10 30912
9970.24 329392 1.84 5.045283e-09 2.988293e-10 1.477235e-10 31705
9973.83 329272 1.86 5.044685e-09 2.993920e-10 1.482579e-10 31894
9977.42 329152 1.87 5.041587e-09 2.996116e-10 1.486851e-10 31973
9981.01 329032 1.88 5.038117e-09 3.005241e-10 1.492217e-10 32495
9984.84 328904 1.90 5.035700e-09 3.005670e-10 1.499982e-10 32445
9988.44 328784 1.91 5.031412e-09 3.008943e-10 1.504376e-10 33179
9992.03 328664 1.92 5.026667e-09 3.012473e-10 1.512099e-10 33183
9995.88 328536 1.94 4.885911e-09 2.924232e-10 1.469668e-10 32532
9999.48 328416 1.95 5.023744e-09 3.022229e-10 1.523905e-10 33726
10003.33 328288 1.96 5.021819e-09 3.029163e-10 1.529189e-10 34193
10007.18 328160 1.98 5.018180e-09 3.034415e-10 1.534754e-10 34525
10011.03 328032 1.99 5.015202e-09 3.036248e-10 1.542099e-10 34945
10014.89 327904 2.01 5.012309e-09 3.041699e-10 1.547107e-10 35467
10018.51 327784 2.02 5.009517e-09 3.050489e-10 1.552067e-10 35905
10022.37 327656 2.03 5.006035e-09 3.053607e-10 1.557759e-10 36206
10026.47 327520 2.05 5.004286e-09 3.060218e-10 1.565775e-10 36681
10030.34 327392 2.06 5.002602e-09 3.068398e-10 1.574694e-10 37459
10034.21 327264 2.08 4.998749e-09 3.071381e-10 1.580137e-10 37198
10038.09 327136 2.09 4.994905e-09 3.079915e-10 1.586756e-10 37955
10042.21 327000 2.11 4.991769e-09 3.084767e-10 1.593245e-10 38371
10046.09 326872 2.12 4.988944e-09 3.090950e-10 1.601163e-10 37968
10050.22 326736 2.14 4.984041e-09 3.095863e-10 1.611162e-10 38739
10054.10 326608 2.15 4.982795e-09 3.099174e-10 1.620251e-10 38940
10058.24 326472 2.17 4.975777e-09 3.102445e-10 1.627037e-10 39634
10062.37 326336 2.18 4.973961e-09 3.110084e-10 1.634726e-10 39944
10066.27 326208 2.20 4.969527e-09 3.112945e-10 1.646392e-10 40530
10070.41 326072 2.21 4.967040e-09 3.116001e-10 1.650121e-10 40422
10074.56 325936 2.23 4.963099e-09 3.123409e-10 1.657153e-10 40722
10078.71 325800 2.24 4.959496e-09 3.127315e-10 1.664322e-10 41116
10082.87 325664 2.26 4.956636e-09 3.131361e-10 1.669708e-10 41666
10087.02 325528 2.27 4.952859e-09 3.139330e-10 1.678685e-10 41765
10091.43 325384 2.29 4.950408e-09 3.144508e-10 1.687627e-10 42512
10095.59 325248 2.30 4.946475e-09 3.148344e-10 1.692138e-10 43130
10099.76 325112 2.32 4.941680e-09 3.151029e-10 1.700666e-10 43342
10104.18 324968 2.33 4.938715e-09 3.155557e-10 1.707968e-10 43614
10108.36 324832 2.35 4.934831e-09 3.159465e-10 1.713108e-10 43854
10112.78 324688 2.37 4.930974e-09 3.165391e-10 1.721083e-10 45134
10116.96 324552 2.38 4.926469e-09 3.168964e-10 1.728106e-10 45055
10121.40 324408 2.40 4.924084e-09 3.179056e-10 1.735536e-10 45453
10125.83 324264 2.41 4.919663e-09 3.183278e-10 1.743549e-10 46208
10130.27 324120 2.43 4.915011e-09 3.188035e-10 1.749035e-10 46664
10134.72 323976 2.45 4.912552e-09 3.194560e-10 1.756180e-10 46910
10139.17 323832 2.46 4.908932e-09 3.196256e-10 1.761950e-10 47120
10143.62 323688 2.48 4.904726e-09 3.204000e-10 1.772284e-10 47480
10148.08 323544 2.49 4.900222e-09 3.209147e-10 1.780342e-10 48562
10152.54 323400 2.51 4.873995e-09 3.200115e-10 1.783834e-10 48580
10157.00 323256 2.53 4.893862e-09 3.221175e-10 1.799064e-10 49781
10161.72 323104 2.54 4.887224e-09 3.229720e-10 1.808847e-10 49685
10166.19 322960 2.56 4.881703e-09 3.231783e-10 1.816844e-10 50063
10170.67 322816 2.58 4.876633e-09 3.235691e-10 1.825762e-10 50517
10175.40 322664 2.59 4.872052e-09 3.242016e-10 1.833692e-10 51443
10179.88 322520 2.61 4.872292e-09 3.245973e-10 1.842082e-10 51473
10184.62 322368 2.63 4.868378e-09 3.252708e-10 1.849726e-10 52083
10189.36 322216 2.65 4.865893e-09 3.258712e-10 1.860758e-10 52722
10194.11 322064 2.66 4.861207e-09 3.264693e-10 1.867694e-10 53080
10198.61 321920 2.68 4.858107e-09 3.268207e-10 1.874524e-10 53355
10203.37 321768 2.70 4.852897e-09 3.271135e-10 1.883331e-10 54319
10208.13 321616 2.71 4.847904e-09 3.278932e-10 1.891299e-10 54356
10212.90 321464 2.73 4.834726e-09 3.274045e-10 1.897903e-10 54536
10217.67 321312 2.75 4.840238e-09 3.292278e-10 1.910863e-10 56200
10222.69 321152 2.77 4.836028e-09 3.296164e-10 1.920717e-10 56155
10227.47 321000 2.79 4.832284e-09 3.301109e-10 1.926737e-10 56668
10232.26 320848 2.80 4.829276e-09 3.307600e-10 1.936050e-10 57394
10237.05 320696 2.82 4.826194e-09 3.312209e-10 1.944879e-10 57821
10242.09 320536 2.84 4.821687e-09 3.316752e-10 1.953810e-10 58018
10246.89 320384 2.86 4.816070e-09 3.322687e-10 1.963699e-10 58973
10251.94 320224 2.88 4.811863e-09 3.327508e-10 1.970719e-10 59423
10256.75 320072 2.89 4.807172e-09 3.334735e-10 1.981466e-10 59779
10261.82 319912 2.91 4.802508e-09 3.340891e-10 1.994092e-10 60526
10266.89 319752 2.93 4.797447e-09 3.347855e-10 2.005426e-10 61162
10271.96 319592 2.95 4.792685e-09 3.355123e-10 2.015607e-10 61569
10277.04 319432 2.97 4.789129e-09 3.360566e-10 2.024466e-10 62028
10281.87 319280 2.98 4.785210e-09 3.364064e-10 2.033742e-10 62815
10286.97 319120 3.00 4.781117e-09 3.372635e-10 2.041234e-10 63176
10292.06 318960 3.02 4.775204e-09 3.376608e-10 2.054617e-10 64267
10297.42 318792 3.04 4.772150e-09 3.383548e-10 2.064602e-10 64657
10302.52 318632 3.06 4.766032e-09 3.387999e-10 2.077368e-10 65539
10307.64 318472 3.08 4.760773e-09 3.392505e-10 2.086481e-10 66691
10312.75 318312 3.10 4.754993e-09 3.397092e-10 2.097291e-10 66294
10318.13 318144 3.12 4.750162e-09 3.401831e-10 2.107102e-10 67229
10323.26 317984 3.14 4.745549e-09 3.411074e-10 2.117728e-10 67756
10328.39 317824 3.16 4.741192e-09 3.413880e-10 2.128645e-10 68754
10333.78 317656 3.18 4.734880e-09 3.419051e-10 2.137281e-10 69232
10338.93 317496 3.19 4.724170e-09 3.419378e-10 2.145053e-10 70320
10344.33 317328 3.21 4.598898e-09 3.352430e-10 2.110971e-10 69050
10349.75 317160 3.23 4.732647e-09 3.444483e-10 2.174300e-10 70905
10355.16 316992 3.25 4.726231e-09 3.449477e-10 2.185691e-10 71842
10360.33 316832 3.27 4.723074e-09 3.454873e-10 2.194966e-10 72749
10365.76 316664 3.29 4.718523e-09 3.460889e-10 2.208676e-10 72944
10371.19 316496 3.31 4.713939e-09 3.469569e-10 2.218706e-10 73757
10376.63 316328 3.33 4.709155e-09 3.473420e-10 2.229123e-10 75211
10382.08 316160 3.35 4.703876e-09 3.482371e-10 2.240385e-10 75432
10387.53 315992 3.37 4.700270e-09 3.484582e-10 2.249797e-10 76164
10392.99 315824 3.39 4.695037e-09 3.491260e-10 2.262285e-10 76651
10398.71 315648 3.41 4.690738e-09 3.494807e-10 2.272484e-10 77366
10404.18 315480 3.43 4.687655e-09 3.502526e-10 2.285903e-10 78722
10409.66 315312 3.45 4.684093e-09 3.508628e-10 2.297633e-10 79134
10415.40 315136 3.47 4.679615e-09 3.515972e-10 2.308336e-10 79475
10420.89 314968 3.49 4.672091e-09 3.522403e-10 2.322777e-10 79665
10426.38 314800 3.51 4.671353e-09 3.530369e-10 2.337277e-10 80667
10432.14 314624 3.54 4.667117e-09 3.536927e-10 2.349154e-10 80904
10437.91 314448 3.56 4.661487e-09 3.544887e-10 2.361711e-10 82554
10443.42 314280 3.58 4.657026e-09 3.547812e-10 2.370842e-10 83267
10449.20 314104 3.60 4.651550e-09 3.555764e-10 2.383841e-10 83999
10454.99 313928 3.62 4.648306e-09 3.562438e-10 2.395734e-10 84740
10460.78 313752 3.64 4.642737e-09 3.570123e-10 2.409713e-10 85493
10466.32 313584 3.66 4.637540e-09 3.575525e-10 2.421982e-10 86340
10472.13 313408 3.68 4.632200e-09 3.580974e-10 2.433385e-10 87397
10477.94 313232 3.70 4.626718e-09 3.588143e-10 2.445825e-10 88310
10483.76 313056 3.72 4.619899e-09 3.595078e-10 2.460201e-10 88849
10489.59 312880 3.75 4.615869e-09 3.599929e-10 2.470791e-10 89693
10495.69 312696 3.77 4.610576e-09 3.607249e-10 2.481780e-10 90312
10501.53 312520 3.79 4.602874e-09 3.607813e-10 2.495411e-10 91304
10507.37 312344 3.81 4.595481e-09 3.614879e-10 2.506988e-10 92335
10513.23 312168 3.83 4.585544e-09 3.617332e-10 2.517464e-10 92532
10519.35 311984 3.85 4.423845e-09 3.495018e-10 2.437225e-10 90367
10525.22 311808 3.88 4.589948e-09 3.643609e-10 2.551670e-10 94552
10531.09 311632 3.90 4.580178e-09 3.646360e-10 2.559138e-10 95505
10537.24 311448 3.92 4.579855e-09 3.658921e-10 2.576638e-10 96627
10543.13 311272 3.94 4.576625e-09 3.662912e-10 2.589731e-10 96999
10549.29 311088 3.96 4.571829e-09 3.669448e-10 2.602569e-10 97872
10555.46 310904 3.99 4.566414e-09 3.677701e-10 2.615850e-10 98910
